0 0.758000 0.505333 0.200000 0.077333
0 0.702000 0.177333 0.172000 0.056000
0 0.688000 0.241333 0.160000 0.056000
0 0.289000 0.456000 0.202000 0.069333
0 0.315000 0.526667 0.186000 0.056000
0 0.326000 0.569333 0.184000 0.040000
0 0.741000 0.566667 0.190000 0.066667
0 0.735000 0.621333 0.186000 0.053333
0 0.714000 0.718667 0.164000 0.045333
0 0.701000 0.804000 0.154000 0.040000
0 0.358000 0.760000 0.140000 0.048000
0 0.341000 0.670667 0.174000 0.040000
0 0.673000 0.353333 0.138000 0.050667
0 0.661000 0.453333 0.118000 0.037333
0 0.317000 0.174667 0.154000 0.045333
0 0.343000 0.304000 0.138000 0.037333
