0 0.828125 0.391667 0.213750 0.093333
0 0.818750 0.210833 0.202500 0.108333
0 0.763125 0.756667 0.118750 0.073333
0 0.668125 0.644167 0.091250 0.035000
0 0.640625 0.749167 0.051250 0.045000
0 0.304375 0.774167 0.088750 0.081667
0 0.225625 0.401667 0.208750 0.090000
0 0.228750 0.210000 0.220000 0.076667
0 0.357500 0.319167 0.130000 0.051667
0 0.358125 0.420833 0.131250 0.041667
0 0.691250 0.321667 0.125000 0.040000
0 0.698125 0.426667 0.146250 0.063333
0 0.618125 0.589167 0.061250 0.028333
0 0.375000 0.645000 0.090000 0.040000
