0 0.886667 0.615556 0.213333 0.093333
0 0.883333 0.493333 0.193333 0.088889
0 0.888333 0.362222 0.196667 0.102222
0 0.883333 0.237778 0.186667 0.093333
0 0.870000 0.113333 0.180000 0.093333
0 0.606667 0.375556 0.186667 0.102222
0 0.573333 0.244444 0.186667 0.106667
0 0.601667 0.580000 0.176667 0.093333
0 0.590000 0.473333 0.180000 0.093333
0 0.598333 0.688889 0.190000 0.115556
0 0.396667 0.740000 0.166667 0.084444
0 0.398333 0.653333 0.156667 0.088889
0 0.391667 0.555556 0.156667 0.088889
0 0.395000 0.471111 0.156667 0.080000
0 0.391667 0.368889 0.150000 0.106667
0 0.250000 0.788889 0.140000 0.057778
0 0.245000 0.700000 0.123333 0.084444
0 0.248333 0.620000 0.116667 0.066667
0 0.245000 0.551111 0.130000 0.080000
0 0.243333 0.455556 0.126667 0.093333
