0 0.850625 0.244167 0.148750 0.065000
0 0.841250 0.364167 0.135000 0.055000
0 0.193750 0.161667 0.322500 0.103333
0 0.200000 0.399167 0.325000 0.131667
0 0.933750 0.576667 0.097500 0.060000
0 0.929375 0.755833 0.091250 0.075000
0 0.828750 0.703333 0.147500 0.060000
0 0.835625 0.817500 0.161250 0.071667
0 0.848125 0.480000 0.168750 0.063333
0 0.826250 0.597500 0.122500 0.065000
0 0.345000 0.513333 0.200000 0.073333
0 0.341875 0.794167 0.203750 0.085000
0 0.203125 0.670000 0.303750 0.103333
0 0.340625 0.212500 0.193750 0.071667
