0 0.767606 0.214286 0.056338 0.218045
0 0.867606 0.270677 0.053521 0.200501
0 0.726056 0.402256 0.038028 0.132832
0 0.933803 0.863409 0.056338 0.258145
0 0.809859 0.784461 0.036620 0.160401
0 0.751408 0.780702 0.043662 0.152882
0 0.700000 0.780702 0.036620 0.152882
0 0.653521 0.780702 0.042254 0.167920
0 0.595775 0.778195 0.039437 0.167920
0 0.664085 0.375940 0.032394 0.140351
0 0.618310 0.362155 0.039437 0.152882
0 0.576056 0.340852 0.039437 0.155388
0 0.529577 0.315789 0.050704 0.155388
0 0.923239 0.289474 0.049296 0.187970
0 0.522535 0.736842 0.030986 0.125313
0 0.484507 0.735589 0.030986 0.122807
0 0.440141 0.735589 0.026761 0.122807
0 0.564085 0.739348 0.026761 0.130326
0 0.394366 0.392231 0.030986 0.117794
0 0.447183 0.404762 0.032394 0.107769
0 0.486620 0.418546 0.026761 0.105263
