0 0.802500 0.827441 0.140000 0.092593
0 0.806250 0.665825 0.145000 0.075758
0 0.815625 0.500842 0.136250 0.062290
0 0.356875 0.747475 0.161250 0.067340
0 0.352500 0.560606 0.147500 0.074074
0 0.351250 0.366162 0.147500 0.085859
0 0.346250 0.172559 0.150000 0.092593
0 0.433750 0.629630 0.085000 0.050505
0 0.733750 0.586700 0.090000 0.045455
0 0.735625 0.480640 0.086250 0.048822
0 0.740625 0.365320 0.088750 0.043771
0 0.740625 0.253367 0.086250 0.048822
0 0.730000 0.695286 0.092500 0.057239
0 0.432500 0.744108 0.090000 0.050505
0 0.693750 0.625421 0.075000 0.035354
