0 0.774381 0.410884 0.096070 0.099320
0 0.799127 0.561224 0.099951 0.077551
0 0.817322 0.697279 0.086851 0.074830
0 0.616448 0.507823 0.086851 0.076871
0 0.639495 0.625850 0.091218 0.054422
0 0.651140 0.741497 0.082484 0.059864
0 0.499272 0.580952 0.074721 0.073469
0 0.516497 0.682653 0.073265 0.045578
0 0.528142 0.777211 0.076177 0.053741
0 0.409267 0.631633 0.060650 0.051020
0 0.423823 0.722449 0.061621 0.042177
0 0.437652 0.806122 0.062106 0.050340
0 0.344008 0.667347 0.052402 0.048980
0 0.359049 0.746939 0.052402 0.038095
0 0.367783 0.822789 0.052402 0.040136
0 0.291121 0.699320 0.048520 0.043537
0 0.307132 0.769388 0.057254 0.038095
0 0.311257 0.840816 0.046094 0.040816
