0 0.864375 0.172500 0.223750 0.115000
0 0.871250 0.556667 0.237500 0.106667
0 0.850625 0.865833 0.256250 0.115000
0 0.648750 0.674167 0.205000 0.085000
0 0.670000 0.335833 0.190000 0.085000
0 0.663125 0.165833 0.183750 0.075000
0 0.664375 0.505000 0.176250 0.073333
0 0.147500 0.608333 0.222500 0.083333
0 0.148750 0.386667 0.230000 0.090000
0 0.228125 0.300833 0.148750 0.068333
0 0.145000 0.825000 0.255000 0.080000
0 0.231250 0.430833 0.147500 0.048333
0 0.576250 0.389167 0.127500 0.068333
0 0.535625 0.495000 0.076250 0.043333
0 0.577500 0.134167 0.120000 0.058333
0 0.139375 0.155833 0.246250 0.068333
0 0.270625 0.247500 0.121250 0.048333
