0 0.801775 0.286441 0.258383 0.111864
0 0.816568 0.557627 0.287968 0.091525
0 0.222880 0.535593 0.295858 0.054237
0 0.244576 0.266102 0.252465 0.064407
0 0.334320 0.116949 0.151874 0.044068
0 0.700197 0.135593 0.142012 0.067797
0 0.622288 0.677966 0.096647 0.040678
0 0.421105 0.674576 0.080868 0.040678
0 0.638067 0.472881 0.124260 0.030508
0 0.634122 0.364407 0.116371 0.030508
0 0.391519 0.471186 0.128205 0.027119
0 0.398422 0.366102 0.122288 0.027119
0 0.371795 0.188136 0.124260 0.030508
0 0.662722 0.193220 0.122288 0.040678
