0 0.906000 0.217333 0.176000 0.093333
0 0.899000 0.406667 0.170000 0.072000
0 0.895000 0.586667 0.186000 0.074667
0 0.891000 0.869333 0.182000 0.074667
0 0.170000 0.253333 0.180000 0.074667
0 0.152000 0.429333 0.212000 0.064000
0 0.155000 0.608000 0.218000 0.069333
0 0.161000 0.874667 0.226000 0.080000
0 0.270000 0.538667 0.160000 0.058667
0 0.782000 0.285333 0.124000 0.064000
0 0.761000 0.405333 0.110000 0.053333
0 0.781000 0.528000 0.150000 0.053333
0 0.704000 0.778667 0.120000 0.053333
0 0.702000 0.637333 0.124000 0.058667
0 0.334000 0.780000 0.128000 0.034667
0 0.333000 0.642667 0.118000 0.064000
0 0.287000 0.296000 0.114000 0.048000
