0 0.920496 0.391544 0.157169 0.076389
0 0.919730 0.555964 0.155637 0.059641
0 0.917892 0.715278 0.164216 0.072712
0 0.295190 0.712418 0.130208 0.058824
0 0.372549 0.630310 0.106005 0.047386
0 0.420037 0.583129 0.069240 0.034722
0 0.299020 0.930964 0.125613 0.063725
0 0.378830 0.784314 0.101409 0.059641
0 0.819547 0.845997 0.148284 0.043301
0 0.909467 0.873366 0.146140 0.051471
0 0.814491 0.952410 0.152267 0.046160
0 0.405178 0.815564 0.117953 0.038807
0 0.804688 0.416462 0.110600 0.057598
0 0.812040 0.518587 0.132047 0.031454
0 0.818015 0.633987 0.151348 0.044118
0 0.811428 0.745915 0.124081 0.058824
0 0.424020 0.702614 0.058211 0.036765
0 0.088082 0.954044 0.151654 0.076389
