0 0.873932 0.444265 0.226496 0.087237
0 0.927350 0.638126 0.128205 0.087237
0 0.834402 0.296446 0.262821 0.088853
0 0.769231 0.218901 0.205128 0.059774
0 0.733974 0.161551 0.177350 0.054927
0 0.127137 0.691438 0.237179 0.084006
0 0.135684 0.840065 0.241453 0.077544
0 0.133547 0.531502 0.220085 0.080775
0 0.180556 0.369144 0.292735 0.088853
0 0.264957 0.259289 0.217949 0.069467
0 0.132479 0.961228 0.260684 0.058158
0 0.288462 0.613086 0.226496 0.066236
0 0.693376 0.667205 0.044872 0.035541
0 0.742521 0.823102 0.040598 0.040388
0 0.752137 0.938611 0.068376 0.042003
0 0.673077 0.517771 0.042735 0.027464
