0 0.574419 0.385331 0.091473 0.047521
0 0.624031 0.530992 0.131783 0.061983
0 0.625581 0.630165 0.131783 0.061983
0 0.606202 0.809917 0.111628 0.053719
0 0.148062 0.650826 0.168992 0.082645
0 0.267442 0.423554 0.113178 0.045455
0 0.317829 0.322314 0.074419 0.033058
0 0.171318 0.777893 0.162791 0.072314
0 0.182171 0.889463 0.156589 0.068182
0 0.609302 0.722107 0.124031 0.059917
0 0.279845 0.587810 0.100775 0.039256
0 0.273643 0.512397 0.100775 0.041322
0 0.570543 0.448347 0.096124 0.041322
0 0.321705 0.383264 0.069767 0.026860
0 0.279845 0.668388 0.088372 0.035124
0 0.570543 0.582645 0.089922 0.033058
0 0.544186 0.300620 0.065116 0.030992
0 0.351938 0.265496 0.062016 0.022727
