0 0.885000 0.101333 0.198000 0.101333
0 0.892000 0.240000 0.196000 0.112000
0 0.896000 0.362667 0.208000 0.106667
0 0.888000 0.492000 0.208000 0.114667
0 0.890000 0.616000 0.196000 0.101333
0 0.602000 0.254667 0.180000 0.120000
0 0.599000 0.373333 0.186000 0.101333
0 0.601000 0.486667 0.186000 0.104000
0 0.594000 0.572000 0.168000 0.093333
0 0.604000 0.698667 0.176000 0.106667
0 0.403000 0.380000 0.166000 0.104000
0 0.400000 0.468000 0.156000 0.093333
0 0.397000 0.560000 0.154000 0.090667
0 0.398000 0.661333 0.148000 0.106667
0 0.387000 0.741333 0.154000 0.080000
0 0.245000 0.462667 0.134000 0.082667
0 0.256000 0.544000 0.148000 0.080000
0 0.257000 0.629333 0.134000 0.069333
0 0.248000 0.708000 0.132000 0.088000
0 0.253000 0.781333 0.134000 0.064000
0 0.127000 0.521333 0.102000 0.088000
0 0.134000 0.605333 0.116000 0.064000
0 0.132000 0.673333 0.112000 0.056000
0 0.141000 0.740000 0.126000 0.056000
0 0.135000 0.810667 0.098000 0.058667
