0 0.836849 0.402640 0.165012 0.217822
0 0.831886 0.570957 0.162531 0.178218
0 0.808313 0.795380 0.132754 0.178218
0 0.548387 0.670792 0.119107 0.127063
0 0.529156 0.462046 0.132754 0.138614
0 0.321340 0.816007 0.131514 0.189769
0 0.138958 0.654290 0.101737 0.127063
0 0.500000 0.190594 0.161290 0.146865
0 0.261787 0.693894 0.181141 0.229373
0 0.292184 0.159241 0.142680 0.120462
0 0.313896 0.292904 0.124069 0.117162
0 0.361663 0.502475 0.107940 0.107261
0 0.166253 0.250000 0.109181 0.110561
0 0.059553 0.396040 0.094293 0.122112
0 0.514268 0.337459 0.145161 0.130363
