0 0.844501 0.350759 0.262958 0.101180
0 0.835651 0.483980 0.260430 0.097808
0 0.802781 0.597808 0.242731 0.086003
0 0.793932 0.709106 0.204804 0.079258
0 0.785714 0.806071 0.216182 0.070826
0 0.771808 0.894604 0.190898 0.075885
0 0.261062 0.158516 0.213654 0.084317
0 0.273072 0.278246 0.222503 0.087690
0 0.298989 0.388702 0.211125 0.075885
0 0.310367 0.483980 0.198483 0.070826
0 0.318584 0.577572 0.174463 0.082631
0 0.716814 0.212479 0.176991 0.070826
0 0.721871 0.118044 0.179520 0.087690
0 0.707965 0.306071 0.164349 0.069140
