0 0.870625 0.181667 0.241250 0.126667
0 0.866250 0.559167 0.245000 0.115000
0 0.860000 0.871667 0.265000 0.106667
0 0.149375 0.827500 0.231250 0.081667
0 0.147500 0.605000 0.225000 0.083333
0 0.143750 0.388333 0.230000 0.083333
0 0.143750 0.153333 0.230000 0.093333
0 0.658750 0.330833 0.182500 0.068333
0 0.651250 0.505000 0.172500 0.066667
0 0.648125 0.678333 0.198750 0.063333
0 0.658125 0.162500 0.188750 0.065000
0 0.573750 0.270833 0.127500 0.038333
0 0.520000 0.409167 0.092500 0.041667
0 0.227500 0.304167 0.155000 0.048333
