0 0.884000 0.609333 0.216000 0.109333
0 0.888000 0.365333 0.200000 0.090667
0 0.885000 0.490667 0.198000 0.090667
0 0.891000 0.240000 0.206000 0.096000
0 0.877000 0.109333 0.182000 0.085333
0 0.594000 0.244000 0.164000 0.136000
0 0.591000 0.373333 0.162000 0.096000
0 0.592000 0.472000 0.172000 0.096000
0 0.589000 0.580000 0.174000 0.093333
0 0.596000 0.686667 0.168000 0.093333
0 0.382000 0.744000 0.144000 0.090667
0 0.386000 0.366667 0.140000 0.109333
0 0.386000 0.470667 0.136000 0.072000
0 0.388000 0.561333 0.144000 0.077333
0 0.387000 0.649333 0.142000 0.077333
0 0.238000 0.781333 0.128000 0.069333
0 0.243000 0.701333 0.130000 0.069333
0 0.240000 0.625333 0.124000 0.072000
0 0.244000 0.545333 0.124000 0.072000
0 0.238000 0.452000 0.116000 0.082667
0 0.120000 0.518667 0.104000 0.077333
0 0.122000 0.673333 0.108000 0.066667
0 0.123000 0.734667 0.098000 0.050667
0 0.127000 0.813333 0.098000 0.064000
0 0.123000 0.598667 0.094000 0.056000
