0 0.918125 0.365320 0.141250 0.087542
0 0.730000 0.177609 0.222500 0.099327
0 0.733750 0.373737 0.232500 0.121212
0 0.673125 0.787037 0.118750 0.052189
0 0.588125 0.642256 0.078750 0.038721
0 0.177500 0.810606 0.115000 0.069024
0 0.248125 0.670034 0.078750 0.053872
0 0.303750 0.579125 0.057500 0.043771
0 0.108750 0.393098 0.200000 0.116162
0 0.106875 0.192761 0.203750 0.109428
0 0.550625 0.558923 0.056250 0.033670
0 0.530625 0.520202 0.046250 0.033670
0 0.327500 0.525253 0.052500 0.030303
0 0.195625 0.239899 0.171250 0.085859
0 0.623125 0.235690 0.151250 0.067340
0 0.624375 0.367845 0.148750 0.079125
