0 0.755981 0.329399 0.239234 0.109442
0 0.753589 0.583691 0.247209 0.077253
0 0.758373 0.096567 0.247209 0.150215
0 0.753589 0.753219 0.237640 0.124464
0 0.532695 0.654506 0.188198 0.064378
0 0.531898 0.788627 0.186603 0.057940
0 0.537480 0.379828 0.191388 0.077253
0 0.536683 0.539700 0.189793 0.075107
0 0.532695 0.214592 0.194577 0.094421
0 0.535088 0.050429 0.186603 0.096567
0 0.429027 0.144850 0.143541 0.057940
0 0.437799 0.810086 0.138756 0.049356
0 0.437799 0.708155 0.148325 0.042918
0 0.437002 0.605150 0.149920 0.038627
