0 0.210059 0.535593 0.321499 0.074576
0 0.820513 0.550847 0.295858 0.077966
0 0.804734 0.277966 0.264300 0.088136
0 0.232742 0.264407 0.272189 0.067797
0 0.413215 0.672881 0.084813 0.037288
0 0.614398 0.672881 0.084813 0.037288
0 0.394477 0.471186 0.130178 0.033898
0 0.400394 0.366102 0.126233 0.033898
0 0.333333 0.123729 0.157791 0.057627
0 0.697239 0.132203 0.147929 0.061017
0 0.635108 0.474576 0.122288 0.027119
0 0.634122 0.364407 0.116371 0.030508
0 0.375740 0.188136 0.124260 0.037288
0 0.663708 0.194915 0.128205 0.044068
