0 0.789231 0.867206 0.175385 0.076212
0 0.793846 0.666282 0.193846 0.103926
0 0.800000 0.424942 0.172308 0.083141
0 0.806923 0.183603 0.198462 0.090069
0 0.195385 0.869515 0.224615 0.159353
0 0.180769 0.548499 0.213846 0.131640
0 0.143846 0.178984 0.247692 0.150115
0 0.321538 0.416859 0.126154 0.076212
0 0.680000 0.344111 0.116923 0.055427
0 0.331538 0.591224 0.115385 0.078522
0 0.333846 0.756351 0.113846 0.062356
0 0.679231 0.509238 0.093846 0.053118
0 0.668462 0.630485 0.060000 0.041570
0 0.671538 0.202079 0.084615 0.057737
0 0.328462 0.207852 0.103077 0.060046
0 0.373077 0.347575 0.090769 0.048499
