0 0.900582 0.685866 0.193934 0.074346
0 0.904105 0.457925 0.175858 0.089869
0 0.910692 0.228554 0.173713 0.095997
0 0.897825 0.909314 0.188419 0.066993
0 0.174479 0.863766 0.201900 0.057598
0 0.059896 0.703023 0.115502 0.088235
0 0.054381 0.469975 0.107537 0.087010
0 0.052083 0.223856 0.090074 0.084967
0 0.170343 0.732435 0.202819 0.056373
0 0.165441 0.594567 0.208946 0.053513
0 0.168811 0.453840 0.191789 0.058824
0 0.153339 0.315564 0.209865 0.060866
0 0.772825 0.309641 0.166360 0.063725
0 0.766544 0.447917 0.166667 0.053513
0 0.772059 0.584150 0.186887 0.058007
0 0.765012 0.724877 0.178922 0.050245
0 0.761949 0.854371 0.183824 0.042892
0 0.311275 0.792484 0.117034 0.036765
0 0.254749 0.647672 0.159620 0.035539
0 0.248775 0.545956 0.161765 0.035539
0 0.692708 0.637663 0.131740 0.032680
