0 0.148837 0.644628 0.173643 0.070248
0 0.168992 0.773760 0.167442 0.051653
0 0.183721 0.885331 0.153488 0.064050
0 0.606977 0.802686 0.122481 0.047521
0 0.612403 0.721074 0.127132 0.053719
0 0.627132 0.627066 0.141085 0.064050
0 0.630233 0.522727 0.137984 0.057851
0 0.268217 0.416322 0.120930 0.043388
0 0.266667 0.515496 0.108527 0.043388
0 0.282946 0.586777 0.094574 0.041322
0 0.572868 0.378099 0.097674 0.037190
0 0.570543 0.451446 0.093023 0.043388
0 0.317829 0.318182 0.077519 0.041322
0 0.541085 0.300620 0.074419 0.030992
0 0.351938 0.268595 0.058915 0.024793
0 0.365891 0.232438 0.055814 0.030992
0 0.523256 0.256198 0.060465 0.024793
0 0.283721 0.667355 0.080620 0.037190
