0 0.911765 0.710989 0.161765 0.061683
0 0.918045 0.549632 0.160233 0.053513
0 0.914982 0.392361 0.151042 0.061683
0 0.298407 0.928717 0.125613 0.069853
0 0.288450 0.713440 0.137561 0.056781
0 0.371477 0.628268 0.113051 0.055556
0 0.821538 0.633783 0.155331 0.054330
0 0.801164 0.416667 0.111520 0.055556
0 0.818781 0.846609 0.148591 0.046160
0 0.816942 0.949142 0.146140 0.039624
0 0.399663 0.816176 0.127145 0.045752
0 0.427543 0.700368 0.070159 0.032271
0 0.094363 0.532475 0.164216 0.098448
0 0.284161 0.482026 0.138174 0.060458
