0 0.156000 0.252000 0.204000 0.077333
0 0.141000 0.426667 0.234000 0.080000
0 0.149000 0.606667 0.226000 0.077333
0 0.158000 0.873333 0.248000 0.066667
0 0.888000 0.869333 0.212000 0.074667
0 0.894000 0.590667 0.196000 0.077333
0 0.900000 0.412000 0.184000 0.082667
0 0.901000 0.221333 0.182000 0.080000
0 0.283000 0.293333 0.126000 0.048000
0 0.269000 0.532000 0.150000 0.050667
0 0.784000 0.525333 0.148000 0.048000
0 0.703000 0.640000 0.122000 0.042667
0 0.785000 0.282667 0.150000 0.058667
0 0.766000 0.405333 0.112000 0.048000
0 0.328000 0.780000 0.120000 0.040000
0 0.327000 0.641333 0.114000 0.034667
0 0.698000 0.778667 0.124000 0.048000
