0 0.756250 0.957955 0.292500 0.061364
0 0.710000 0.646591 0.215000 0.056818
0 0.663750 0.480682 0.152500 0.052273
0 0.637500 0.337500 0.130000 0.052273
0 0.620000 0.256818 0.105000 0.040909
0 0.280000 0.810227 0.220000 0.056818
0 0.338750 0.554545 0.157500 0.054545
0 0.375000 0.405682 0.130000 0.043182
0 0.305000 0.902273 0.200000 0.040909
0 0.402500 0.302273 0.105000 0.031818
0 0.603750 0.195455 0.082500 0.031818
0 0.597500 0.148864 0.080000 0.029545
0 0.583750 0.086364 0.067500 0.022727
0 0.365000 0.637500 0.135000 0.043182
0 0.382500 0.718182 0.120000 0.040909
