0 0.192500 0.497000 0.268333 0.074000
0 0.188333 0.298000 0.266667 0.076000
0 0.200833 0.683000 0.255000 0.066000
0 0.890000 0.752000 0.200000 0.124000
0 0.898333 0.494000 0.190000 0.100000
0 0.900833 0.211000 0.185000 0.082000
0 0.354167 0.414000 0.175000 0.068000
0 0.358333 0.648000 0.173333 0.068000
0 0.365833 0.767000 0.165000 0.070000
0 0.748333 0.805000 0.146667 0.074000
0 0.359167 0.544000 0.171667 0.076000
0 0.771667 0.386000 0.153333 0.052000
0 0.823333 0.591000 0.200000 0.070000
0 0.843333 0.293000 0.200000 0.078000
