0 0.877500 0.555907 0.161667 0.061181
0 0.885000 0.363924 0.166667 0.052743
0 0.885000 0.170886 0.163333 0.050633
0 0.147500 0.562236 0.178333 0.052743
0 0.145833 0.373418 0.181667 0.059072
0 0.137500 0.180380 0.181667 0.052743
0 0.140000 0.059072 0.176667 0.050633
0 0.231667 0.491561 0.130000 0.033755
0 0.776667 0.483122 0.136667 0.042194
0 0.777500 0.200422 0.131667 0.046414
0 0.778333 0.112869 0.133333 0.044304
0 0.888333 0.053797 0.173333 0.052743
0 0.279167 0.452532 0.108333 0.031646
0 0.225833 0.120253 0.138333 0.046414
0 0.710000 0.447257 0.106667 0.025316
