0 0.771955 0.415646 0.098011 0.092517
0 0.797428 0.556463 0.097525 0.070748
0 0.814896 0.693197 0.087821 0.066667
0 0.609656 0.507823 0.073265 0.079592
0 0.622756 0.572109 0.080058 0.053061
0 0.632217 0.627891 0.077632 0.063946
0 0.637069 0.681293 0.078603 0.056463
0 0.644590 0.738435 0.076177 0.055102
0 0.789180 0.490816 0.091703 0.060544
0 0.801553 0.623469 0.086366 0.065986
0 0.496846 0.577211 0.071810 0.061905
0 0.515284 0.675850 0.070839 0.046939
0 0.523532 0.775510 0.067928 0.046259
0 0.409267 0.626871 0.063561 0.052381
0 0.420670 0.716667 0.061135 0.038776
0 0.430616 0.797279 0.059680 0.040816
0 0.344250 0.666327 0.057739 0.042857
0 0.356623 0.745918 0.055313 0.036054
0 0.364871 0.815646 0.052402 0.039456
0 0.292819 0.702381 0.051917 0.045578
0 0.301553 0.769388 0.050946 0.034014
0 0.308103 0.835034 0.049491 0.034694
