0 0.597114 0.525608 0.139540 0.117766
0 0.590495 0.354022 0.112413 0.105613
0 0.591363 0.219184 0.118490 0.139757
0 0.924262 0.306568 0.071181 0.153067
0 0.920790 0.121528 0.069010 0.202546
0 0.928060 0.519676 0.060547 0.135417
0 0.423177 0.177373 0.110677 0.094907
0 0.423611 0.288918 0.116319 0.109664
0 0.417426 0.397425 0.117839 0.076678
0 0.320095 0.532263 0.093750 0.065104
0 0.337457 0.250145 0.094618 0.069155
0 0.337131 0.338542 0.101345 0.076389
0 0.330621 0.431134 0.106988 0.063079
0 0.237088 0.617043 0.092231 0.052951
0 0.253038 0.332755 0.075955 0.048611
0 0.248047 0.400029 0.082899 0.054688
0 0.248372 0.465133 0.082248 0.044271
0 0.212023 0.538484 0.068142 0.038194
0 0.035590 0.083189 0.069010 0.055845
0 0.027018 0.262008 0.053602 0.039641
0 0.024306 0.372541 0.048177 0.035590
