0 0.302192 0.859954 0.118707 0.096065
0 0.313477 0.529225 0.110026 0.127315
0 0.326606 0.251736 0.108507 0.132523
0 0.320095 0.122975 0.104601 0.149884
0 0.466905 0.569589 0.103950 0.098090
0 0.467773 0.432002 0.099175 0.087963
0 0.468099 0.324074 0.095486 0.105324
0 0.458767 0.210938 0.098524 0.125000
0 0.588325 0.596933 0.093750 0.086806
0 0.583550 0.477575 0.085938 0.073206
0 0.581272 0.382523 0.086155 0.096065
0 0.578559 0.282118 0.086806 0.096065
0 0.668511 0.618634 0.091363 0.076389
0 0.667643 0.506944 0.085286 0.078704
0 0.662652 0.420718 0.092231 0.081597
0 0.657986 0.331308 0.085938 0.082755
0 0.848307 0.509983 0.048177 0.059896
0 0.875000 0.651186 0.055122 0.057002
0 0.878472 0.732205 0.049479 0.045428
0 0.736654 0.744068 0.027995 0.054688
0 0.720378 0.514178 0.031033 0.061921
0 0.731554 0.580874 0.036458 0.062789
0 0.967339 0.515770 0.059679 0.065104
0 0.980360 0.655961 0.039280 0.053241
0 0.983832 0.722367 0.032335 0.046586
0 0.145616 0.694010 0.058160 0.045428
0 0.057292 0.720486 0.053385 0.034144
0 0.036675 0.562789 0.072917 0.039352
