0 0.834744 0.308160 0.140408 0.067130
0 0.836589 0.182436 0.108507 0.084780
0 0.974175 0.506655 0.051649 0.042245
0 0.718099 0.364439 0.092882 0.078414
0 0.713867 0.270255 0.100043 0.068287
0 0.580946 0.375145 0.078993 0.050637
0 0.508789 0.467737 0.066623 0.045428
0 0.472765 0.598524 0.070530 0.036169
0 0.186740 0.535301 0.086155 0.052662
0 0.051866 0.521846 0.061198 0.050637
0 0.120117 0.315828 0.192925 0.095197
0 0.102214 0.212963 0.203993 0.106481
0 0.272027 0.323061 0.076606 0.041377
0 0.275499 0.538484 0.069661 0.048611
0 0.199544 0.438802 0.063585 0.047743
0 0.276693 0.465133 0.073785 0.052951
