0 0.835178 0.300347 0.237196 0.163194
0 0.691298 0.411892 0.174262 0.082465
0 0.693685 0.560764 0.174262 0.090856
0 0.699436 0.724392 0.184462 0.094039
0 0.702474 0.893084 0.189236 0.096354
0 0.662652 0.817564 0.135634 0.069155
0 0.428928 0.547888 0.041884 0.036169
0 0.432075 0.427373 0.043403 0.024884
0 0.518121 0.442419 0.035807 0.027778
0 0.515842 0.558738 0.040365 0.032986
0 0.518121 0.615017 0.041884 0.029803
0 0.586372 0.670862 0.043403 0.032118
0 0.589410 0.617477 0.037326 0.028935
0 0.659505 0.627459 0.036458 0.032118
