0 0.917209 0.254485 0.165582 0.150174
0 0.920681 0.729456 0.158637 0.122685
0 0.805664 0.580874 0.266710 0.077257
0 0.155382 0.607205 0.286892 0.080729
0 0.168620 0.354456 0.220052 0.110532
0 0.039822 0.788773 0.079210 0.141782
0 0.237522 0.912182 0.144314 0.074363
0 0.318902 0.739005 0.103950 0.052662
0 0.710286 0.706019 0.173611 0.052662
0 0.804796 0.848090 0.261936 0.072338
0 0.702908 0.529659 0.161892 0.045428
0 0.649414 0.642361 0.124783 0.035301
0 0.282878 0.538484 0.165148 0.054977
0 0.277778 0.370515 0.170573 0.070312
0 0.786350 0.333478 0.229384 0.074363
0 0.647569 0.790075 0.119358 0.041377
0 0.694878 0.899161 0.151910 0.050637
0 0.331706 0.800492 0.137370 0.037326
0 0.397678 0.718316 0.037977 0.038484
0 0.368056 0.653212 0.058160 0.040220
0 0.610026 0.599971 0.104601 0.035012
0 0.323242 0.509115 0.135634 0.035012
