0 0.737000 0.790000 0.154000 0.060000
0 0.702000 0.891250 0.156000 0.057500
0 0.547000 0.668750 0.110000 0.052500
0 0.561000 0.587500 0.130000 0.045000
0 0.539000 0.747500 0.118000 0.045000
0 0.521000 0.823750 0.122000 0.042500
0 0.521000 0.898750 0.126000 0.042500
0 0.455000 0.598750 0.098000 0.052500
0 0.456000 0.662500 0.104000 0.045000
0 0.442000 0.720000 0.100000 0.040000
0 0.460000 0.531250 0.096000 0.042500
0 0.468000 0.466250 0.096000 0.042500
0 0.212000 0.770000 0.172000 0.055000
0 0.168000 0.577500 0.132000 0.035000
