0 0.888455 0.484664 0.223090 0.093750
0 0.891168 0.763310 0.217665 0.111690
0 0.211589 0.715133 0.305990 0.098090
0 0.325846 0.640336 0.204644 0.051505
0 0.809136 0.672309 0.202474 0.074363
0 0.809136 0.920862 0.205512 0.091725
0 0.733941 0.795428 0.131076 0.057870
0 0.379340 0.618056 0.148872 0.048611
0 0.740560 0.625289 0.136502 0.048611
0 0.761502 0.496672 0.086806 0.055845
0 0.704427 0.732784 0.115451 0.050637
0 0.478624 0.832610 0.034071 0.041377
0 0.509223 0.766493 0.045790 0.028935
0 0.453234 0.985532 0.084852 0.028935
0 0.368924 0.902778 0.110677 0.094907
0 0.427409 0.801505 0.061849 0.053819
0 0.449436 0.749855 0.058160 0.055845
0 0.694119 0.500723 0.041884 0.055845
