0 0.863571 0.578451 0.254919 0.066189
0 0.869792 0.142904 0.245370 0.071398
0 0.870804 0.318793 0.258391 0.057292
0 0.791233 0.277127 0.223090 0.038194
0 0.061632 0.277886 0.122685 0.070530
0 0.085648 0.093316 0.151620 0.075521
0 0.058160 0.596354 0.115741 0.093750
0 0.141493 0.540148 0.282407 0.045573
0 0.197917 0.731337 0.144676 0.062066
0 0.295862 0.661133 0.114294 0.039280
0 0.822193 0.848199 0.172164 0.080512
0 0.723669 0.708116 0.104745 0.052517
0 0.673466 0.648112 0.067419 0.034071
0 0.791956 0.388889 0.224537 0.048611
0 0.046441 0.889431 0.092303 0.107422
0 0.360677 0.623481 0.078414 0.029948
0 0.310330 0.523655 0.088252 0.032986
0 0.154080 0.365017 0.254919 0.046441
0 0.280671 0.387261 0.166667 0.034939
0 0.325521 0.415148 0.162616 0.026910
0 0.762587 0.527344 0.225984 0.036024
