0 0.890770 0.105035 0.218461 0.059896
0 0.898727 0.326280 0.201389 0.068359
0 0.787037 0.252387 0.220486 0.040365
0 0.787037 0.151042 0.220486 0.038194
0 0.153212 0.092231 0.239873 0.052517
0 0.129774 0.314670 0.258970 0.065538
0 0.242043 0.235894 0.232928 0.040365
0 0.259404 0.133030 0.236979 0.041233
0 0.121528 0.574002 0.242477 0.073785
0 0.905237 0.567708 0.189525 0.059028
0 0.813223 0.402235 0.247975 0.042318
0 0.755353 0.559896 0.110243 0.051649
0 0.233218 0.389865 0.245370 0.042318
0 0.322772 0.304145 0.132234 0.042318
0 0.721644 0.331597 0.166667 0.035156
0 0.293692 0.553602 0.115741 0.045573
0 0.286169 0.424371 0.205440 0.031033
0 0.722367 0.438911 0.157118 0.026693
