0 0.857060 0.288954 0.285880 0.070095
0 0.767072 0.394531 0.271412 0.043403
0 0.162905 0.399089 0.261574 0.056858
0 0.080874 0.317708 0.161169 0.061198
0 0.085793 0.054036 0.171007 0.071615
0 0.160156 0.230252 0.242766 0.051649
0 0.266927 0.117622 0.183160 0.043403
0 0.229022 0.064887 0.143229 0.041233
0 0.760995 0.051866 0.275463 0.048611
0 0.694734 0.100477 0.198495 0.042535
0 0.709346 0.216254 0.172164 0.042318
0 0.653501 0.260200 0.165220 0.032986
0 0.643084 0.358290 0.109086 0.026910
0 0.263455 0.437391 0.187211 0.034071
0 0.312355 0.462131 0.161169 0.034071
0 0.269676 0.318576 0.166667 0.029948
0 0.328848 0.366645 0.128183 0.031033
0 0.313802 0.196615 0.089410 0.023872
0 0.335214 0.267904 0.113137 0.027995
0 0.649884 0.310330 0.108796 0.029948
0 0.691262 0.438477 0.188657 0.036241
