0 0.886176 0.064525 0.227648 0.096644
0 0.884332 0.480613 0.226997 0.110532
0 0.153103 0.467737 0.286675 0.105613
0 0.147678 0.089410 0.286675 0.086806
0 0.194878 0.869647 0.209201 0.142650
0 0.339844 0.737992 0.121094 0.075521
0 0.858290 0.900174 0.192274 0.149884
0 0.734266 0.754919 0.120877 0.082755
0 0.672309 0.697627 0.082031 0.056713
0 0.635525 0.655816 0.054905 0.041377
0 0.783854 0.511719 0.195312 0.069155
0 0.783963 0.257957 0.202908 0.062211
0 0.301866 0.254774 0.171875 0.063947
0 0.361979 0.341146 0.134115 0.042245
0 0.330187 0.495081 0.121745 0.054977
0 0.342882 0.088976 0.100694 0.052951
0 0.723416 0.085793 0.096137 0.061053
0 0.706055 0.218750 0.140408 0.039352
0 0.706055 0.345341 0.143446 0.050637
0 0.664171 0.517361 0.054905 0.049769
0 0.643338 0.416088 0.106120 0.035301
0 0.445638 0.650029 0.048828 0.032118
0 0.398003 0.684172 0.048177 0.040220
0 0.624674 0.522569 0.024089 0.032986
0 0.641710 0.294126 0.062934 0.033275
