0 0.837023 0.161892 0.270399 0.109664
0 0.794379 0.487269 0.194661 0.082755
0 0.942383 0.431713 0.115234 0.159722
0 0.757161 0.816985 0.131076 0.091146
0 0.261176 0.788628 0.146484 0.087674
0 0.085503 0.427807 0.170573 0.161748
0 0.254557 0.478443 0.179688 0.079572
0 0.215820 0.174334 0.254123 0.103299
0 0.376302 0.139178 0.078993 0.057870
0 0.315864 0.291522 0.178168 0.069155
0 0.361545 0.494068 0.072917 0.048322
0 0.669705 0.710503 0.104601 0.066262
0 0.594076 0.643953 0.037109 0.028067
0 0.628581 0.669850 0.076606 0.038194
0 0.662977 0.511574 0.078993 0.059028
0 0.710720 0.305411 0.169705 0.066262
0 0.665365 0.249711 0.141059 0.053819
0 0.664605 0.149306 0.077474 0.072338
0 0.362305 0.353443 0.136502 0.036169
0 0.346354 0.699797 0.090712 0.050637
0 0.385634 0.657263 0.068142 0.036169
0 0.366211 0.241464 0.136502 0.045428
0 0.665365 0.357060 0.134983 0.057870
0 0.632812 0.390191 0.110243 0.037326
0 0.610786 0.513600 0.037977 0.034144
0 0.399523 0.407263 0.092882 0.029803
