0 0.363064 0.145399 0.206163 0.117766
0 0.908203 0.078125 0.183594 0.103588
0 0.873915 0.178964 0.184462 0.075521
0 0.820855 0.260995 0.135634 0.053819
0 0.461155 0.226852 0.155816 0.076389
0 0.527778 0.286458 0.110677 0.052662
0 0.446398 0.510561 0.177517 0.098090
0 0.466580 0.038339 0.137153 0.067419
0 0.527778 0.154080 0.115451 0.048322
0 0.552192 0.091580 0.099175 0.045428
0 0.579319 0.332755 0.079210 0.034144
0 0.776910 0.341146 0.094618 0.023727
0 0.588325 0.486979 0.069010 0.038194
0 0.563043 0.202546 0.080512 0.038194
