0 0.315864 0.646991 0.172092 0.106481
0 0.154948 0.238281 0.237847 0.138600
0 0.323134 0.111834 0.163628 0.094039
0 0.800239 0.078125 0.392144 0.148727
0 0.756836 0.233652 0.257161 0.089988
0 0.744358 0.331887 0.181424 0.067130
0 0.326714 0.308160 0.158203 0.077546
0 0.408420 0.377315 0.134115 0.073495
0 0.406901 0.229456 0.134115 0.067130
0 0.470486 0.100984 0.101562 0.057870
0 0.469293 0.185041 0.099175 0.054688
0 0.470812 0.426794 0.106988 0.048611
0 0.508464 0.584491 0.090712 0.068287
0 0.718099 0.449219 0.094618 0.030961
0 0.470052 0.306568 0.105469 0.049479
0 0.501845 0.247685 0.093099 0.043403
0 0.535482 0.384115 0.073568 0.030961
0 0.505751 0.348380 0.082248 0.040509
