0 0.859766 0.276389 0.242969 0.122222
0 0.866016 0.622222 0.255469 0.119444
0 0.141797 0.684028 0.282031 0.159722
0 0.141016 0.182639 0.280469 0.170833
0 0.309375 0.304861 0.218750 0.101389
0 0.310547 0.567361 0.208594 0.084722
0 0.857031 0.945833 0.242188 0.108333
0 0.952344 0.747222 0.095312 0.152778
0 0.762109 0.779861 0.160156 0.070833
0 0.708984 0.704861 0.113281 0.051389
0 0.759375 0.546528 0.134375 0.054167
0 0.762109 0.328472 0.150781 0.068056
0 0.433203 0.759028 0.050781 0.059722
0 0.675391 0.889583 0.060156 0.054167
0 0.646484 0.806250 0.038281 0.054167
0 0.395313 0.336806 0.145313 0.065278
0 0.696094 0.352083 0.089063 0.059722
0 0.449609 0.871528 0.060156 0.040278
0 0.427344 0.977778 0.071875 0.044444
0 0.472656 0.775694 0.037500 0.034722
0 0.473828 0.724306 0.033594 0.029167
