0 0.850391 0.862500 0.299219 0.100000
0 0.705859 0.631944 0.138281 0.061111
0 0.668359 0.527778 0.125781 0.050000
0 0.642578 0.469444 0.116406 0.044444
0 0.250781 0.347917 0.204687 0.068056
0 0.118359 0.438194 0.221094 0.090278
0 0.706250 0.359028 0.118750 0.073611
0 0.617188 0.433333 0.092188 0.041667
0 0.380078 0.760417 0.083594 0.056944
0 0.403125 0.647222 0.056250 0.044444
0 0.420312 0.578472 0.050000 0.037500
0 0.434766 0.528472 0.038281 0.026389
0 0.569922 0.486111 0.028906 0.027778
0 0.578125 0.520833 0.039062 0.025000
0 0.587500 0.570833 0.040625 0.030556
0 0.598047 0.634028 0.039844 0.040278
0 0.614844 0.720833 0.051562 0.050000
0 0.648438 0.868056 0.067187 0.088889
