0 0.605859 0.823611 0.055469 0.075000
0 0.582031 0.711806 0.046875 0.045833
0 0.569922 0.638889 0.042969 0.038889
0 0.556250 0.590278 0.031250 0.038889
0 0.544922 0.539583 0.027344 0.023611
0 0.333984 0.869444 0.074219 0.061111
0 0.368750 0.740278 0.045312 0.044444
0 0.391797 0.651389 0.041406 0.047222
0 0.723047 0.756250 0.172656 0.070833
0 0.657813 0.613194 0.135937 0.062500
0 0.621484 0.540972 0.111719 0.045833
0 0.597266 0.493056 0.088281 0.044444
0 0.382812 0.370139 0.028125 0.051389
0 0.321484 0.386111 0.077344 0.047222
0 0.703516 0.447917 0.111719 0.062500
