0 0.777344 0.748611 0.164062 0.077778
0 0.719922 0.641667 0.138281 0.055556
0 0.693359 0.577083 0.124219 0.043056
0 0.667578 0.540278 0.097656 0.033333
0 0.789062 0.470139 0.187500 0.062500
0 0.889062 0.561806 0.212500 0.081944
0 0.680469 0.442361 0.045312 0.048611
0 0.318359 0.473611 0.163281 0.077778
0 0.400391 0.668750 0.080469 0.045833
0 0.363281 0.777083 0.103125 0.081944
0 0.422266 0.885417 0.050781 0.056944
0 0.450000 0.760417 0.045312 0.051389
0 0.467187 0.686806 0.031250 0.034722
0 0.684375 0.285417 0.104688 0.051389
0 0.743359 0.217361 0.086719 0.068056
0 0.649609 0.506250 0.082031 0.034722
0 0.481250 0.636111 0.032813 0.030556
0 0.453906 0.399306 0.075000 0.034722
