0 0.770703 0.926389 0.207031 0.086111
0 0.690625 0.761806 0.159375 0.062500
0 0.776172 0.575000 0.213281 0.094444
0 0.648828 0.669444 0.130469 0.058333
0 0.294922 0.799306 0.113281 0.076389
0 0.361328 0.879861 0.066406 0.054167
0 0.161328 0.578472 0.246094 0.104167
0 0.259375 0.522222 0.189062 0.063889
0 0.621484 0.615278 0.100781 0.033333
0 0.775391 0.253472 0.210156 0.101389
0 0.693359 0.518750 0.157031 0.054167
0 0.604297 0.576389 0.094531 0.038889
0 0.325391 0.490278 0.128906 0.044444
0 0.176953 0.261806 0.196094 0.104167
0 0.302734 0.279861 0.096094 0.076389
0 0.325391 0.331250 0.138281 0.054167
0 0.646875 0.331944 0.117188 0.050000
0 0.389844 0.781250 0.056250 0.048611
0 0.416406 0.713889 0.039062 0.036111
0 0.606250 0.861111 0.053125 0.052778
0 0.585547 0.777083 0.035156 0.045833
0 0.571875 0.710417 0.035937 0.037500
