0 0.742188 0.863889 0.200000 0.083333
0 0.873047 0.660417 0.228906 0.140278
0 0.749609 0.563194 0.197656 0.073611
0 0.758203 0.288194 0.196094 0.106944
0 0.687891 0.509028 0.158594 0.056944
0 0.682422 0.727778 0.155469 0.066667
0 0.639453 0.656944 0.114844 0.052778
0 0.611719 0.605556 0.089063 0.047222
0 0.083203 0.663194 0.164844 0.134722
0 0.199219 0.561111 0.221875 0.088889
0 0.194531 0.251389 0.225000 0.111111
0 0.297266 0.319444 0.157031 0.066667
0 0.286719 0.518750 0.170313 0.079167
0 0.247266 0.913194 0.138281 0.081944
0 0.626563 0.952083 0.054688 0.059722
0 0.601953 0.836111 0.046094 0.050000
0 0.378125 0.846528 0.068750 0.056944
0 0.583984 0.756944 0.046094 0.041667
0 0.408594 0.762500 0.048438 0.038889
0 0.378516 0.468056 0.097656 0.047222
0 0.423828 0.708333 0.028906 0.036111
0 0.571094 0.694444 0.029687 0.030556
0 0.439063 0.663889 0.029687 0.030556
