0 0.862500 0.615278 0.260937 0.133333
0 0.739062 0.802778 0.193750 0.080556
0 0.114062 0.591667 0.226562 0.119444
0 0.114844 0.125694 0.228125 0.162500
0 0.264062 0.269444 0.193750 0.108333
0 0.249609 0.512500 0.194531 0.069444
0 0.684766 0.706250 0.147656 0.079167
0 0.750000 0.531250 0.195312 0.076389
0 0.871875 0.213889 0.256250 0.152778
0 0.751563 0.293056 0.193750 0.094444
0 0.687500 0.493056 0.142187 0.063889
0 0.648047 0.629861 0.121094 0.059722
0 0.364063 0.912500 0.071875 0.058333
0 0.400781 0.804167 0.054688 0.038889
0 0.635938 0.908333 0.064062 0.061111
0 0.610156 0.799306 0.050000 0.051389
0 0.588281 0.725000 0.037500 0.036111
0 0.421484 0.737500 0.047656 0.036111
0 0.444141 0.680556 0.030469 0.033333
0 0.379297 0.456250 0.108594 0.040278
0 0.348438 0.309722 0.109375 0.061111
0 0.323047 0.497917 0.160156 0.068056
