0 0.839844 0.166667 0.273438 0.133333
0 0.828516 0.502778 0.255469 0.105556
0 0.942578 0.654167 0.114844 0.163889
0 0.816016 0.849306 0.247656 0.112500
0 0.727734 0.699306 0.178906 0.073611
0 0.671875 0.597917 0.142187 0.070833
0 0.726172 0.445139 0.172656 0.062500
0 0.150000 0.514583 0.267188 0.118056
0 0.159766 0.154167 0.250781 0.111111
0 0.280078 0.463194 0.191406 0.070833
0 0.284375 0.226389 0.185938 0.072222
0 0.351172 0.415972 0.132031 0.059722
0 0.385156 0.811111 0.067187 0.063889
0 0.337109 0.962500 0.089844 0.075000
0 0.671875 0.949306 0.079687 0.068056
0 0.628516 0.789583 0.053906 0.056944
0 0.417969 0.720833 0.046875 0.047222
0 0.727734 0.222222 0.164844 0.077778
0 0.667578 0.414583 0.121094 0.048611
0 0.635938 0.541667 0.106250 0.047222
0 0.441406 0.650694 0.034375 0.037500
0 0.605078 0.696528 0.035156 0.040278
0 0.376953 0.266667 0.075781 0.058333
