0 0.900391 0.592361 0.191406 0.137500
0 0.796484 0.801389 0.232031 0.100000
0 0.800391 0.485417 0.227344 0.087500
0 0.707031 0.655556 0.156250 0.072222
0 0.087500 0.602778 0.173437 0.150000
0 0.218750 0.497222 0.242188 0.094444
0 0.226172 0.199306 0.225781 0.106944
0 0.316406 0.431250 0.165625 0.062500
0 0.351562 0.250000 0.100000 0.066667
0 0.079687 0.095139 0.157812 0.179167
0 0.800781 0.207639 0.225000 0.109722
0 0.912500 0.098611 0.175000 0.144444
0 0.707812 0.439583 0.159375 0.070833
0 0.710547 0.239583 0.149219 0.076389
0 0.369922 0.902083 0.064844 0.070833
0 0.399609 0.782639 0.057031 0.051389
0 0.431250 0.693056 0.034375 0.041667
0 0.650781 0.883333 0.065625 0.058333
0 0.619141 0.756944 0.039844 0.047222
0 0.598437 0.675694 0.031250 0.040278
0 0.655469 0.576389 0.109375 0.058333
0 0.660156 0.258333 0.110937 0.058333
0 0.445312 0.633333 0.029687 0.038889
