0 0.850391 0.958333 0.286719 0.083333
0 0.858984 0.550000 0.272656 0.113889
0 0.861328 0.165278 0.277344 0.116667
0 0.732422 0.474306 0.188281 0.068056
0 0.729297 0.731944 0.188281 0.088889
0 0.124609 0.597222 0.247656 0.119444
0 0.119141 0.177083 0.236719 0.137500
0 0.253906 0.479861 0.198437 0.073611
0 0.250391 0.251389 0.202344 0.072222
0 0.728906 0.225000 0.173437 0.080556
0 0.665234 0.627778 0.130469 0.061111
0 0.673047 0.440972 0.136719 0.045833
0 0.667969 0.268750 0.129688 0.070833
0 0.368750 0.881944 0.068750 0.058333
0 0.405859 0.765972 0.049219 0.040278
0 0.631250 0.836806 0.059375 0.056944
0 0.600000 0.732639 0.039062 0.051389
0 0.426172 0.684722 0.039844 0.047222
0 0.328906 0.450000 0.131250 0.061111
0 0.636328 0.575694 0.107031 0.045833
