0 0.808203 0.572222 0.225781 0.094444
0 0.816797 0.252778 0.222656 0.108333
0 0.936719 0.734028 0.126562 0.154167
0 0.939844 0.132639 0.120313 0.195833
0 0.818359 0.906944 0.257031 0.122222
0 0.192969 0.583333 0.271875 0.125000
0 0.196094 0.261806 0.270313 0.104167
0 0.060156 0.815972 0.118750 0.168056
0 0.056250 0.142361 0.110937 0.193056
0 0.309766 0.507639 0.167969 0.065278
0 0.716406 0.732639 0.156250 0.073611
0 0.723828 0.295139 0.161719 0.084722
0 0.714453 0.506944 0.157031 0.063889
0 0.670312 0.653472 0.118750 0.056944
0 0.405078 0.863889 0.049219 0.047222
0 0.626953 0.836111 0.039844 0.047222
0 0.437109 0.762500 0.030469 0.041667
0 0.448047 0.702778 0.030469 0.036111
0 0.455859 0.661806 0.027344 0.031944
0 0.604688 0.750000 0.026562 0.044444
0 0.659766 0.974306 0.057031 0.051389
0 0.598047 0.695139 0.028906 0.040278
0 0.589453 0.656944 0.033594 0.027778
0 0.580469 0.625000 0.025000 0.030556
0 0.328906 0.285417 0.135937 0.070833
0 0.368359 0.475694 0.122656 0.065278
