0 0.242969 0.277778 0.276562 0.144444
0 0.242578 0.627083 0.275781 0.104167
0 0.061328 0.874306 0.121094 0.193056
0 0.911328 0.714583 0.177344 0.137500
0 0.905859 0.238194 0.188281 0.143056
0 0.812891 0.320139 0.191406 0.084722
0 0.817969 0.578472 0.196875 0.079167
0 0.819531 0.859722 0.218750 0.091667
0 0.413672 0.828472 0.074219 0.070833
0 0.696484 0.958333 0.071094 0.061111
0 0.740234 0.746528 0.142969 0.059722
0 0.734375 0.537500 0.140625 0.052778
0 0.694531 0.677083 0.107813 0.045833
0 0.672656 0.640278 0.107813 0.036111
0 0.733594 0.356250 0.134375 0.056944
0 0.356641 0.563194 0.171094 0.076389
0 0.447656 0.939583 0.050000 0.051389
0 0.464062 0.818750 0.037500 0.048611
0 0.466797 0.757639 0.039844 0.043056
0 0.473438 0.706944 0.025000 0.030556
0 0.658984 0.855556 0.050781 0.038889
0 0.628516 0.785417 0.042969 0.031944
0 0.612891 0.727778 0.024219 0.025000
0 0.588281 0.690972 0.026562 0.026389
0 0.358984 0.334722 0.177344 0.091667
