0 0.867188 0.364583 0.265625 0.140278
0 0.869531 0.794444 0.260937 0.133333
0 0.114844 0.393056 0.228125 0.183333
0 0.111719 0.815972 0.221875 0.131944
0 0.243359 0.687500 0.213281 0.097222
0 0.258203 0.412500 0.192969 0.108333
0 0.743359 0.676389 0.192969 0.077778
0 0.682422 0.833333 0.130469 0.055556
0 0.434375 0.866667 0.042188 0.041667
0 0.418359 0.945833 0.038281 0.050000
0 0.614062 0.933333 0.032813 0.050000
0 0.599609 0.855556 0.032031 0.038889
0 0.448437 0.813194 0.028125 0.040278
0 0.651953 0.760417 0.103906 0.048611
0 0.338672 0.623611 0.136719 0.055556
0 0.744922 0.419444 0.180469 0.088889
0 0.592578 0.809028 0.028906 0.037500
0 0.456641 0.768750 0.032031 0.031944
0 0.585938 0.767361 0.028125 0.029167
0 0.689453 0.625694 0.136719 0.056944
