0 0.220703 0.786806 0.241406 0.118056
0 0.856250 0.761111 0.246875 0.102778
0 0.845313 0.444444 0.229687 0.111111
0 0.762500 0.929861 0.178125 0.068056
0 0.235547 0.438889 0.217969 0.130556
0 0.073828 0.432639 0.128906 0.209722
0 0.339844 0.689583 0.171875 0.070833
0 0.747656 0.692361 0.153125 0.059722
0 0.704297 0.833333 0.117969 0.050000
0 0.459766 0.942361 0.044531 0.054167
0 0.642578 0.934722 0.038281 0.044444
0 0.627734 0.877083 0.033594 0.034722
0 0.470313 0.881944 0.042188 0.041667
0 0.619141 0.826389 0.028906 0.033333
0 0.482422 0.832639 0.025781 0.040278
0 0.613672 0.790972 0.033594 0.026389
0 0.487891 0.793750 0.033594 0.026389
0 0.680859 0.775694 0.103906 0.045833
