0 0.889453 0.422917 0.221094 0.143056
0 0.891406 0.860417 0.217188 0.137500
0 0.122266 0.409028 0.242969 0.168056
0 0.122266 0.907639 0.242969 0.151389
0 0.287500 0.761111 0.204687 0.080556
0 0.788672 0.754167 0.197656 0.077778
0 0.719922 0.917361 0.119531 0.059722
0 0.465625 0.956944 0.035937 0.050000
0 0.476562 0.898611 0.034375 0.036111
0 0.638281 0.954167 0.040625 0.038889
0 0.630078 0.896528 0.032031 0.040278
0 0.623047 0.854167 0.030469 0.033333
0 0.703906 0.841667 0.128125 0.044444
0 0.259375 0.498611 0.170313 0.088889
0 0.784766 0.481944 0.186719 0.086111
0 0.734375 0.706250 0.162500 0.054167
0 0.483594 0.855556 0.034375 0.033333
0 0.366797 0.701389 0.147656 0.058333
0 0.491797 0.826389 0.030469 0.027778
