0 0.874219 0.414583 0.243750 0.106944
0 0.876172 0.765278 0.247656 0.097222
0 0.211328 0.808333 0.286719 0.116667
0 0.177344 0.459722 0.218750 0.116667
0 0.348047 0.719444 0.177344 0.063889
0 0.730078 0.859722 0.128906 0.050000
0 0.787891 0.956250 0.172656 0.070833
0 0.477344 0.918056 0.046875 0.047222
0 0.486328 0.865278 0.038281 0.033333
0 0.651172 0.907639 0.042969 0.037500
0 0.638672 0.861111 0.035156 0.036111
0 0.493750 0.834722 0.037500 0.033333
0 0.630469 0.822917 0.034375 0.026389
0 0.621094 0.798611 0.026562 0.025000
0 0.500391 0.805556 0.036719 0.025000
0 0.670703 0.764583 0.077344 0.034722
0 0.701172 0.804167 0.113281 0.036111
0 0.775391 0.699306 0.174219 0.065278
0 0.330859 0.465972 0.052344 0.087500
0 0.398047 0.686111 0.142969 0.047222
