0 0.957031 0.359028 0.085938 0.073611
0 0.938281 0.254167 0.123438 0.075000
0 0.923828 0.181250 0.149219 0.054167
0 0.898047 0.135417 0.128906 0.045833
0 0.936328 0.695139 0.074219 0.081944
0 0.884766 0.497917 0.050781 0.051389
0 0.869922 0.384028 0.060156 0.054167
0 0.848828 0.304167 0.049219 0.050000
0 0.546094 0.689583 0.064062 0.079167
0 0.587500 0.506250 0.064062 0.051389
0 0.621484 0.375694 0.060156 0.059722
0 0.639453 0.304167 0.050781 0.047222
0 0.830078 0.249306 0.035156 0.040278
0 0.626953 0.177083 0.052344 0.056944
