0 0.831641 0.529861 0.217969 0.090278
0 0.769141 0.369444 0.177344 0.072222
0 0.721875 0.289583 0.126562 0.059722
0 0.697266 0.618056 0.072656 0.058333
0 0.737500 0.854861 0.065625 0.073611
0 0.673047 0.481250 0.058594 0.054167
0 0.388281 0.600694 0.071875 0.068056
0 0.426953 0.478472 0.057031 0.059722
0 0.448047 0.395139 0.053906 0.051389
0 0.385547 0.352083 0.074219 0.065278
0 0.247656 0.130556 0.220312 0.091667
0 0.692578 0.235417 0.105469 0.054167
0 0.837500 0.163194 0.165625 0.084722
0 0.328125 0.865278 0.081250 0.063889
0 0.649219 0.401389 0.040625 0.044444
0 0.634766 0.345139 0.028906 0.031944
0 0.422266 0.275694 0.074219 0.056944
0 0.780469 0.116667 0.170313 0.066667
0 0.362500 0.090278 0.110937 0.066667
