0 0.797266 0.495833 0.205469 0.086111
0 0.875000 0.776389 0.206250 0.108333
0 0.820312 0.165278 0.221875 0.066667
0 0.901953 0.272222 0.196094 0.122222
0 0.334766 0.797917 0.083594 0.073611
0 0.207422 0.791667 0.097656 0.086111
0 0.317578 0.492361 0.102344 0.087500
0 0.387109 0.606250 0.082031 0.065278
0 0.428125 0.493056 0.050000 0.047222
0 0.716016 0.794444 0.077344 0.072222
0 0.684375 0.597917 0.059375 0.065278
0 0.649219 0.481250 0.043750 0.043056
0 0.744141 0.374306 0.174219 0.073611
0 0.702344 0.295139 0.131250 0.048611
0 0.380078 0.377083 0.082031 0.065278
0 0.267969 0.172222 0.182812 0.066667
0 0.113281 0.272222 0.218750 0.125000
0 0.335938 0.131250 0.165625 0.051389
