0 0.878125 0.345139 0.223438 0.118056
0 0.889062 0.688889 0.221875 0.091667
0 0.151562 0.758333 0.292187 0.133333
0 0.150781 0.270139 0.300000 0.168056
0 0.322266 0.640972 0.216406 0.076389
0 0.337891 0.368750 0.207031 0.101389
0 0.778516 0.616667 0.152344 0.063889
0 0.738281 0.769444 0.137500 0.055556
0 0.787109 0.865972 0.164844 0.062500
0 0.469531 0.925000 0.048438 0.044444
0 0.694922 0.976389 0.053906 0.038889
0 0.617188 0.767361 0.023438 0.029167
0 0.660547 0.868750 0.033594 0.029167
0 0.466797 0.843750 0.061719 0.040278
0 0.439453 0.569444 0.111719 0.041667
0 0.396484 0.620139 0.158594 0.065278
0 0.780078 0.402778 0.157031 0.072222
0 0.643359 0.657639 0.071094 0.031944
0 0.605859 0.619444 0.063281 0.022222
