0 0.889062 0.675694 0.221875 0.101389
0 0.816016 0.459028 0.213281 0.084722
0 0.900391 0.236806 0.199219 0.112500
0 0.746875 0.351389 0.151562 0.063889
0 0.251172 0.670833 0.155469 0.111111
0 0.358984 0.470833 0.103906 0.077778
0 0.405859 0.361111 0.086719 0.066667
0 0.150781 0.254861 0.300000 0.131944
0 0.300000 0.168750 0.207813 0.076389
0 0.713672 0.284028 0.124219 0.043056
0 0.742188 0.738194 0.084375 0.068056
0 0.691406 0.559028 0.051562 0.059722
0 0.417578 0.580556 0.075781 0.055556
0 0.380469 0.744444 0.084375 0.077778
0 0.675781 0.466667 0.048438 0.047222
0 0.453906 0.483333 0.053125 0.050000
0 0.828906 0.156944 0.220312 0.080556
