0 0.860938 0.729167 0.273438 0.111111
0 0.869531 0.337500 0.260937 0.113889
0 0.764844 0.538194 0.192188 0.076389
0 0.256250 0.726389 0.129688 0.094444
0 0.151953 0.338889 0.302344 0.119444
0 0.285938 0.271528 0.198437 0.068056
0 0.717187 0.445833 0.150000 0.061111
0 0.769531 0.274306 0.179688 0.073611
0 0.693359 0.802083 0.069531 0.059722
0 0.358594 0.814583 0.090625 0.073611
0 0.413281 0.658333 0.068750 0.047222
0 0.667578 0.656944 0.055469 0.044444
0 0.444531 0.570833 0.040625 0.041667
0 0.643359 0.563889 0.044531 0.047222
0 0.348438 0.547917 0.106250 0.079167
0 0.403125 0.458333 0.075000 0.055556
0 0.433203 0.394444 0.058594 0.050000
0 0.684375 0.395139 0.106250 0.051389
0 0.366797 0.243750 0.132031 0.056944
0 0.335547 0.047917 0.108594 0.076389
