0 0.854688 0.566667 0.282813 0.105556
0 0.754297 0.756250 0.194531 0.070833
0 0.848047 0.918056 0.280469 0.094444
0 0.860156 0.224306 0.279687 0.104167
0 0.173828 0.545833 0.280469 0.102778
0 0.400391 0.666667 0.058594 0.058333
0 0.702734 0.670139 0.144531 0.051389
0 0.755469 0.504861 0.192188 0.073611
0 0.177344 0.216667 0.279687 0.138889
0 0.298438 0.495833 0.184375 0.072222
0 0.405859 0.875694 0.050781 0.051389
0 0.653906 0.876389 0.051562 0.050000
0 0.629297 0.785417 0.035156 0.040278
0 0.433203 0.788194 0.041406 0.043056
0 0.446484 0.722917 0.039844 0.037500
0 0.751953 0.282639 0.172656 0.073611
0 0.433203 0.614583 0.033594 0.043056
0 0.349609 0.274306 0.091406 0.076389
0 0.341016 0.768056 0.096094 0.066667
0 0.613281 0.720833 0.031250 0.038889
