0 0.885547 0.206944 0.228906 0.152778
0 0.883203 0.735417 0.233594 0.126389
0 0.153906 0.611111 0.254688 0.091667
0 0.166797 0.296528 0.232031 0.098611
0 0.768359 0.934028 0.242969 0.084722
0 0.682031 0.788194 0.167187 0.054167
0 0.769141 0.605556 0.242969 0.083333
0 0.310937 0.804861 0.071875 0.073611
0 0.764844 0.307639 0.231250 0.090278
0 0.263672 0.552083 0.164844 0.062500
0 0.685547 0.554861 0.171094 0.054167
0 0.363281 0.915972 0.043750 0.048611
0 0.590625 0.905556 0.037500 0.044444
0 0.569922 0.817361 0.035156 0.040278
0 0.383594 0.831944 0.039062 0.044444
0 0.398438 0.761111 0.028125 0.033333
0 0.557031 0.759722 0.028125 0.030556
0 0.356250 0.715972 0.043750 0.048611
0 0.635547 0.720833 0.132031 0.050000
0 0.605859 0.654861 0.100781 0.045833
0 0.384766 0.661111 0.028906 0.036111
0 0.309766 0.328472 0.078906 0.070833
0 0.678125 0.345833 0.151562 0.061111
