0 0.867969 0.770139 0.264062 0.126389
0 0.872266 0.317361 0.255469 0.126389
0 0.083203 0.753472 0.164844 0.131944
0 0.089844 0.275000 0.178125 0.147222
0 0.189844 0.634028 0.240625 0.084722
0 0.207813 0.336111 0.217188 0.097222
0 0.759766 0.662500 0.222656 0.083333
0 0.756250 0.373611 0.206250 0.091667
0 0.761328 0.959722 0.239844 0.080556
0 0.675781 0.845139 0.162500 0.056944
0 0.334766 0.822222 0.061719 0.063889
0 0.640234 0.746528 0.121094 0.051389
0 0.687500 0.605556 0.165625 0.061111
0 0.289062 0.576389 0.162500 0.061111
0 0.363672 0.946528 0.052344 0.051389
0 0.385937 0.849306 0.056250 0.040278
0 0.372656 0.751389 0.048438 0.047222
0 0.598828 0.938194 0.046094 0.048611
0 0.579297 0.858333 0.038281 0.033333
0 0.570703 0.786111 0.033594 0.047222
0 0.410938 0.779167 0.035937 0.044444
0 0.423047 0.732639 0.028906 0.031944
0 0.643750 0.400000 0.067187 0.052778
0 0.342969 0.377083 0.071875 0.065278
