0 0.853125 0.319444 0.285938 0.133333
0 0.856250 0.727778 0.271875 0.119444
0 0.115625 0.750694 0.229687 0.126389
0 0.115234 0.306250 0.228906 0.151389
0 0.229687 0.641667 0.201563 0.088889
0 0.730859 0.945139 0.199219 0.090278
0 0.656641 0.804861 0.136719 0.070833
0 0.340625 0.837500 0.067187 0.063889
0 0.724609 0.379861 0.188281 0.079167
0 0.735156 0.633333 0.203125 0.069444
0 0.289844 0.954861 0.071875 0.070833
0 0.220312 0.375000 0.210938 0.088889
0 0.634766 0.736111 0.116406 0.047222
0 0.596875 0.918750 0.051562 0.054167
0 0.396094 0.845833 0.039062 0.038889
0 0.566016 0.783333 0.033594 0.036111
0 0.411328 0.788194 0.032031 0.034722
0 0.555078 0.745139 0.027344 0.031944
0 0.422656 0.743056 0.028125 0.030556
0 0.665625 0.593750 0.140625 0.056944
0 0.337109 0.577083 0.124219 0.056944
0 0.577344 0.837500 0.035937 0.033333
