0 0.868359 0.361806 0.258594 0.120833
0 0.870313 0.718750 0.259375 0.120833
0 0.184375 0.699306 0.271875 0.126389
0 0.191016 0.345139 0.261719 0.131944
0 0.762109 0.909722 0.180469 0.069444
0 0.357812 0.664583 0.064062 0.079167
0 0.763281 0.648611 0.185938 0.058333
0 0.715234 0.804861 0.139844 0.054167
0 0.680078 0.741667 0.108594 0.041667
0 0.664844 0.699306 0.106250 0.034722
0 0.430859 0.736111 0.049219 0.044444
0 0.451172 0.836111 0.046094 0.038889
0 0.439063 0.908333 0.035937 0.050000
0 0.629297 0.839583 0.038281 0.040278
0 0.642188 0.913889 0.042188 0.044444
0 0.617188 0.791667 0.037500 0.038889
0 0.469922 0.785417 0.032031 0.037500
0 0.358984 0.600000 0.149219 0.052778
0 0.319922 0.405556 0.153906 0.077778
0 0.714063 0.397917 0.076563 0.073611
