0 0.896875 0.827778 0.206250 0.150000
0 0.897266 0.250694 0.194531 0.179167
0 0.775781 0.672222 0.248438 0.080556
0 0.137109 0.700694 0.266406 0.090278
0 0.141797 0.341667 0.266406 0.102778
0 0.251563 0.610417 0.201563 0.068056
0 0.678125 0.850694 0.137500 0.062500
0 0.644922 0.764583 0.125781 0.051389
0 0.383203 0.865278 0.053906 0.052778
0 0.364063 0.956944 0.060937 0.058333
0 0.608594 0.961111 0.067187 0.058333
0 0.584766 0.869444 0.047656 0.047222
0 0.573438 0.807639 0.045312 0.037500
0 0.404297 0.798611 0.038281 0.041667
0 0.559375 0.762500 0.029687 0.030556
0 0.619141 0.710417 0.102344 0.045833
0 0.599219 0.670833 0.093750 0.036111
0 0.360547 0.758333 0.049219 0.055556
0 0.381641 0.698611 0.049219 0.044444
0 0.307812 0.377083 0.098437 0.081944
0 0.771875 0.350000 0.229687 0.100000
0 0.695703 0.604167 0.167969 0.063889
