0 0.888281 0.686806 0.218750 0.131944
0 0.771875 0.565972 0.235937 0.084722
0 0.771094 0.885417 0.220312 0.081944
0 0.701562 0.750694 0.154688 0.076389
0 0.653906 0.671528 0.118750 0.048611
0 0.623047 0.619444 0.103906 0.038889
0 0.611328 0.586806 0.096094 0.031944
0 0.623437 0.861806 0.065625 0.054167
0 0.596875 0.775694 0.046875 0.040278
0 0.581641 0.725000 0.036719 0.033333
0 0.408594 0.768750 0.045312 0.043056
0 0.389453 0.852083 0.050781 0.056944
0 0.564063 0.677778 0.032813 0.033333
0 0.421094 0.717361 0.032813 0.034722
0 0.374609 0.668056 0.061719 0.041667
0 0.208594 0.583333 0.225000 0.105556
0 0.437891 0.670833 0.022656 0.033333
