0 0.801172 0.875000 0.216406 0.075000
0 0.673828 0.967361 0.075781 0.054167
0 0.637109 0.844444 0.046094 0.052778
0 0.715625 0.732639 0.148438 0.059722
0 0.679297 0.654861 0.127344 0.048611
0 0.621094 0.761806 0.042188 0.034722
0 0.380469 0.947222 0.054688 0.061111
0 0.410547 0.821528 0.050781 0.059722
0 0.367969 0.713889 0.071875 0.061111
0 0.314063 0.849306 0.076563 0.081944
0 0.652344 0.606944 0.095312 0.044444
0 0.795312 0.556250 0.192188 0.084722
0 0.628906 0.570139 0.082812 0.034722
0 0.725391 0.506944 0.155469 0.066667
0 0.256641 0.530556 0.188281 0.083333
0 0.243750 0.243750 0.228125 0.104167
0 0.330859 0.486806 0.149219 0.056944
0 0.435156 0.747222 0.032813 0.027778
0 0.603906 0.705556 0.043750 0.041667
0 0.450391 0.686806 0.038281 0.037500
