0 0.099609 0.863889 0.197656 0.197222
0 0.103906 0.119444 0.206250 0.236111
0 0.307812 0.317361 0.267188 0.118056
0 0.304297 0.663194 0.267969 0.115278
0 0.877344 0.916667 0.207813 0.088889
0 0.873047 0.631250 0.216406 0.081944
0 0.864844 0.359028 0.204687 0.087500
0 0.798828 0.788889 0.147656 0.061111
0 0.751172 0.727778 0.105469 0.041667
0 0.720703 0.686111 0.097656 0.033333
0 0.492969 0.954861 0.059375 0.045833
0 0.407813 0.609722 0.175000 0.066667
0 0.787109 0.581944 0.124219 0.047222
0 0.692969 0.654167 0.092188 0.030556
0 0.453125 0.869444 0.095312 0.044444
0 0.420703 0.368750 0.158594 0.073611
0 0.801172 0.392361 0.142969 0.062500
