0 0.888333 0.553797 0.170000 0.048523
0 0.888333 0.362869 0.173333 0.050633
0 0.892500 0.178270 0.168333 0.065401
0 0.889167 0.056962 0.171667 0.067511
0 0.152500 0.565401 0.185000 0.054852
0 0.141667 0.371308 0.176667 0.063291
0 0.138333 0.178270 0.183333 0.044304
0 0.135000 0.060127 0.193333 0.056962
0 0.234167 0.495781 0.135000 0.046414
0 0.780833 0.489451 0.135000 0.050633
0 0.778333 0.340717 0.120000 0.044304
0 0.781667 0.199367 0.133333 0.044304
0 0.790000 0.112869 0.143333 0.044304
0 0.721667 0.449367 0.113333 0.033755
