0 0.783594 0.857639 0.200000 0.079167
0 0.713672 0.725000 0.142969 0.055556
0 0.792578 0.554167 0.208594 0.072222
0 0.325781 0.820833 0.093750 0.066667
0 0.387891 0.706250 0.069531 0.054167
0 0.133594 0.624306 0.265625 0.126389
0 0.134766 0.213889 0.267969 0.194444
0 0.277344 0.530556 0.187500 0.077778
0 0.392969 0.920139 0.059375 0.054167
0 0.669141 0.953472 0.057031 0.056944
0 0.642969 0.840972 0.043750 0.037500
0 0.421484 0.822222 0.047656 0.036111
0 0.619922 0.756944 0.046094 0.044444
0 0.449609 0.737500 0.022656 0.036111
0 0.346875 0.488889 0.140625 0.052778
0 0.297266 0.273611 0.147656 0.083333
0 0.723437 0.502778 0.151562 0.055556
0 0.686328 0.656250 0.133594 0.048611
0 0.654687 0.608333 0.106250 0.044444
0 0.358594 0.313889 0.125000 0.058333
