0 0.812500 0.818750 0.229687 0.073611
0 0.895703 0.619444 0.208594 0.108333
0 0.799219 0.525000 0.198437 0.077778
0 0.732812 0.703472 0.134375 0.054167
0 0.687891 0.929167 0.050781 0.063889
0 0.655469 0.820139 0.053125 0.051389
0 0.409375 0.915972 0.082812 0.048611
0 0.366406 0.788194 0.082812 0.070833
0 0.442969 0.627083 0.046875 0.040278
0 0.449219 0.792361 0.040625 0.045833
0 0.638281 0.744444 0.031250 0.038889
0 0.473047 0.720833 0.028906 0.033333
0 0.190625 0.600694 0.251563 0.126389
0 0.311719 0.523611 0.201563 0.069444
0 0.163672 0.216667 0.302344 0.133333
0 0.310937 0.285417 0.182812 0.065278
0 0.690625 0.634028 0.118750 0.048611
0 0.673047 0.598611 0.103906 0.041667
0 0.737891 0.497917 0.147656 0.056944
0 0.731641 0.294444 0.135156 0.063889
0 0.687500 0.467361 0.112500 0.048611
0 0.380078 0.479861 0.127344 0.048611
0 0.385156 0.306250 0.115625 0.059722
