0 0.796875 0.838889 0.198437 0.055556
0 0.887891 0.639583 0.224219 0.106944
0 0.890234 0.248611 0.219531 0.102778
0 0.800391 0.563194 0.200781 0.070833
0 0.724219 0.720833 0.145313 0.052778
0 0.228906 0.593750 0.239063 0.109722
0 0.225000 0.269444 0.237500 0.105556
0 0.341797 0.309722 0.155469 0.069444
0 0.332031 0.529861 0.168750 0.070833
0 0.430859 0.697222 0.049219 0.061111
0 0.694922 0.666667 0.119531 0.052778
0 0.726172 0.513889 0.147656 0.050000
0 0.799219 0.306250 0.185938 0.076389
0 0.726172 0.344444 0.144531 0.058333
0 0.675000 0.945139 0.062500 0.056944
0 0.438281 0.895139 0.040625 0.056944
0 0.655078 0.833333 0.047656 0.041667
0 0.460547 0.800694 0.035156 0.037500
0 0.676953 0.617361 0.102344 0.043056
0 0.389453 0.501389 0.136719 0.055556
0 0.394531 0.338889 0.128125 0.061111
