0 0.850391 0.630556 0.267969 0.091667
0 0.854688 0.270139 0.264062 0.104167
0 0.734375 0.545833 0.184375 0.063889
0 0.731641 0.802778 0.183594 0.075000
0 0.693359 0.714583 0.146094 0.043056
0 0.212891 0.579861 0.227344 0.090278
0 0.221094 0.277778 0.225000 0.097222
0 0.321484 0.521528 0.157031 0.070833
0 0.741406 0.331944 0.195312 0.072222
0 0.638281 0.921528 0.037500 0.037500
0 0.621484 0.820833 0.032031 0.033333
0 0.414844 0.864583 0.043750 0.051389
0 0.435937 0.772917 0.035937 0.040278
0 0.610156 0.753472 0.029687 0.034722
0 0.664844 0.648611 0.110937 0.044444
0 0.412891 0.676389 0.041406 0.044444
0 0.327734 0.320833 0.149219 0.066667
0 0.374609 0.497222 0.122656 0.044444
0 0.368750 0.770139 0.060937 0.059722
0 0.699609 0.513889 0.152344 0.047222
0 0.646484 0.609028 0.099219 0.031944
0 0.453906 0.718750 0.029687 0.034722
0 0.602344 0.696528 0.039062 0.029167
