0 0.796875 0.906944 0.232813 0.094444
0 0.814063 0.561806 0.265625 0.087500
0 0.811328 0.270833 0.255469 0.097222
0 0.722266 0.759722 0.164844 0.063889
0 0.321484 0.859028 0.083594 0.081944
0 0.120313 0.639583 0.239063 0.140278
0 0.240625 0.540972 0.234375 0.093056
0 0.116797 0.172917 0.232031 0.159722
0 0.256250 0.267361 0.198437 0.098611
0 0.683984 0.672222 0.128906 0.058333
0 0.730469 0.515972 0.168750 0.059722
0 0.381250 0.712500 0.060937 0.055556
0 0.419922 0.811806 0.032031 0.045833
0 0.391406 0.935417 0.034375 0.056944
0 0.636328 0.870139 0.038281 0.037500
0 0.617578 0.786111 0.039844 0.038889
0 0.432812 0.743056 0.040625 0.038889
0 0.604297 0.712500 0.038281 0.041667
0 0.416016 0.642361 0.033594 0.040278
0 0.327344 0.493056 0.157812 0.052778
0 0.717969 0.292361 0.150000 0.076389
0 0.339062 0.301389 0.145313 0.077778
0 0.652344 0.617361 0.112500 0.043056
0 0.690625 0.482639 0.134375 0.040278
