0 0.812500 0.899306 0.243750 0.087500
0 0.898438 0.669444 0.203125 0.141667
0 0.900781 0.203472 0.195312 0.148611
0 0.812109 0.565972 0.224219 0.084722
0 0.726953 0.747222 0.152344 0.069444
0 0.144922 0.586806 0.288281 0.131944
0 0.147656 0.182639 0.293750 0.143056
0 0.291406 0.518750 0.187500 0.076389
0 0.296484 0.260417 0.186719 0.093056
0 0.344922 0.802778 0.072656 0.086111
0 0.639844 0.861111 0.042188 0.050000
0 0.393750 0.898611 0.062500 0.063889
0 0.423438 0.793750 0.039062 0.048611
0 0.392188 0.684028 0.056250 0.059722
0 0.681641 0.667361 0.116406 0.056944
0 0.821875 0.263889 0.231250 0.108333
0 0.744922 0.511806 0.177344 0.056944
0 0.737109 0.300000 0.157031 0.072222
0 0.655859 0.611111 0.102344 0.036111
0 0.619531 0.764583 0.040625 0.048611
0 0.437109 0.723611 0.036719 0.044444
0 0.346094 0.494444 0.159375 0.052778
0 0.360938 0.320833 0.128125 0.050000
0 0.448828 0.670833 0.028906 0.033333
0 0.591406 0.658333 0.028125 0.033333
0 0.607031 0.702778 0.039062 0.036111
