0 0.886719 0.665972 0.226562 0.120833
0 0.892188 0.195139 0.215625 0.156944
0 0.799219 0.558333 0.215625 0.080556
0 0.783594 0.265278 0.181250 0.094444
0 0.181250 0.593056 0.262500 0.108333
0 0.166406 0.231944 0.282813 0.127778
0 0.351172 0.782639 0.058594 0.059722
0 0.712500 0.733333 0.145313 0.055556
0 0.787891 0.867361 0.200781 0.081944
0 0.640234 0.834722 0.060156 0.050000
0 0.614453 0.749306 0.047656 0.043056
0 0.598828 0.696528 0.042969 0.034722
0 0.671875 0.654861 0.120313 0.043056
0 0.394922 0.886111 0.050781 0.055556
0 0.417578 0.786111 0.046094 0.052778
0 0.437109 0.715972 0.033594 0.040278
0 0.417187 0.620833 0.045312 0.036111
0 0.296094 0.539583 0.168750 0.095833
0 0.296484 0.322222 0.180469 0.075000
0 0.639062 0.602778 0.085938 0.033333
0 0.615625 0.565278 0.067187 0.027778
0 0.721484 0.509028 0.155469 0.056944
0 0.448828 0.668056 0.025781 0.033333
0 0.603516 0.532639 0.069531 0.026389
0 0.360547 0.490972 0.119531 0.051389
