0 0.898828 0.665972 0.200781 0.112500
0 0.896484 0.215972 0.207031 0.134722
0 0.795312 0.572222 0.201563 0.069444
0 0.794141 0.867361 0.205469 0.068056
0 0.087109 0.769444 0.172656 0.163889
0 0.235156 0.622917 0.223438 0.129167
0 0.227344 0.313889 0.225000 0.122222
0 0.324609 0.543056 0.158594 0.058333
0 0.675781 0.664583 0.114062 0.040278
0 0.717187 0.740278 0.135937 0.052778
0 0.405078 0.692361 0.055469 0.056944
0 0.642969 0.842361 0.054688 0.048611
0 0.678516 0.963194 0.064844 0.059722
0 0.414453 0.888194 0.052344 0.051389
0 0.433203 0.795833 0.050781 0.052778
0 0.620313 0.766667 0.045312 0.041667
0 0.601953 0.698611 0.024219 0.022222
0 0.451172 0.729167 0.033594 0.033333
0 0.623047 0.576389 0.078906 0.027778
0 0.645312 0.620833 0.085938 0.030556
0 0.367188 0.334722 0.067187 0.077778
0 0.785937 0.295139 0.184375 0.081944
0 0.721875 0.528472 0.145313 0.054167
