0 0.895312 0.681944 0.206250 0.116667
0 0.891406 0.254167 0.193750 0.144444
0 0.776563 0.877083 0.182812 0.068056
0 0.104688 0.772222 0.206250 0.191667
0 0.108594 0.243750 0.215625 0.168056
0 0.250781 0.608333 0.210938 0.086111
0 0.712891 0.752778 0.136719 0.050000
0 0.668359 0.683333 0.107031 0.041667
0 0.637891 0.630556 0.089844 0.033333
0 0.642578 0.861806 0.055469 0.043056
0 0.609766 0.769444 0.035156 0.033333
0 0.595313 0.714583 0.023438 0.029167
0 0.455859 0.752778 0.028906 0.033333
0 0.445703 0.802778 0.024219 0.038889
0 0.344141 0.557639 0.124219 0.062500
0 0.270313 0.309722 0.170313 0.091667
0 0.627734 0.606250 0.080469 0.034722
0 0.775391 0.587500 0.174219 0.077778
0 0.376953 0.778472 0.066406 0.056944
0 0.407813 0.713194 0.059375 0.051389
