0 0.773828 0.848611 0.183594 0.058333
0 0.706641 0.745139 0.142969 0.040278
0 0.660156 0.661806 0.100000 0.045833
0 0.885547 0.671528 0.228906 0.101389
0 0.775781 0.582639 0.182812 0.062500
0 0.699219 0.549306 0.118750 0.048611
0 0.643750 0.626389 0.089063 0.025000
0 0.330469 0.909722 0.081250 0.080556
0 0.382031 0.791667 0.071875 0.058333
0 0.416797 0.695833 0.053906 0.044444
0 0.455859 0.615972 0.025781 0.029167
0 0.419531 0.875000 0.059375 0.052778
0 0.446875 0.803472 0.040625 0.045833
0 0.461719 0.738889 0.025000 0.036111
0 0.676172 0.963889 0.067969 0.058333
0 0.630078 0.824306 0.046094 0.034722
0 0.608203 0.756944 0.021094 0.030556
0 0.602344 0.718750 0.025000 0.026389
0 0.478125 0.695139 0.010937 0.018056
0 0.130469 0.725694 0.259375 0.145833
0 0.255859 0.615972 0.219531 0.093056
0 0.330859 0.334722 0.066406 0.125000
0 0.344141 0.551389 0.138281 0.055556
0 0.628125 0.600694 0.075000 0.034722
0 0.414453 0.513194 0.086719 0.037500
0 0.775000 0.353472 0.179688 0.070833
