0 0.904871 0.231618 0.157169 0.089869
0 0.904871 0.454453 0.171262 0.072304
0 0.895374 0.687500 0.171262 0.066993
0 0.901654 0.914011 0.174632 0.072304
0 0.765778 0.729167 0.166360 0.062908
0 0.765472 0.856413 0.176777 0.042892
0 0.165594 0.599265 0.204350 0.058824
0 0.164062 0.453227 0.182292 0.057598
0 0.160539 0.306168 0.192402 0.046160
0 0.172335 0.731413 0.204963 0.050245
0 0.169577 0.864379 0.196385 0.060458
0 0.766544 0.448938 0.150735 0.055556
0 0.782169 0.309845 0.175858 0.061683
0 0.696998 0.342116 0.123162 0.042892
0 0.695006 0.638685 0.132047 0.053513
0 0.696538 0.535948 0.127145 0.034314
0 0.772825 0.587827 0.179228 0.054739
