0 0.206641 0.686806 0.303906 0.129167
0 0.237109 0.238194 0.296094 0.162500
0 0.902344 0.628472 0.189062 0.084722
0 0.900781 0.311111 0.185938 0.088889
0 0.828125 0.809722 0.160938 0.066667
0 0.766797 0.732639 0.108594 0.045833
0 0.739062 0.679167 0.110937 0.033333
0 0.460547 0.911806 0.042969 0.051389
0 0.517188 0.779861 0.028125 0.037500
0 0.380078 0.599306 0.185156 0.093056
0 0.383984 0.316667 0.199219 0.080556
0 0.441406 0.543750 0.156250 0.056944
0 0.701172 0.641667 0.091406 0.038889
0 0.658203 0.594444 0.067969 0.025000
0 0.676953 0.612500 0.078906 0.025000
0 0.671875 0.768056 0.031250 0.036111
0 0.634766 0.691667 0.028906 0.025000
0 0.827344 0.567361 0.164062 0.054167
