0 0.746484 0.795139 0.167969 0.051389
0 0.861328 0.593056 0.252344 0.077778
0 0.678125 0.681944 0.120313 0.044444
0 0.649219 0.634722 0.100000 0.041667
0 0.326953 0.878472 0.103906 0.076389
0 0.387500 0.728472 0.062500 0.059722
0 0.158594 0.659028 0.245312 0.109722
0 0.277344 0.566667 0.187500 0.075000
0 0.287891 0.310417 0.157031 0.095833
0 0.380078 0.504861 0.113281 0.043056
0 0.444141 0.622222 0.035156 0.041667
0 0.641406 0.871528 0.043750 0.040278
0 0.618750 0.784722 0.029687 0.044444
0 0.426953 0.847222 0.038281 0.041667
0 0.393359 0.951389 0.052344 0.052778
0 0.600781 0.728472 0.017188 0.026389
0 0.444922 0.767361 0.036719 0.037500
0 0.741797 0.547917 0.157031 0.056944
0 0.844531 0.270139 0.204687 0.098611
0 0.724609 0.318056 0.119531 0.069444
0 0.663672 0.367361 0.099219 0.045833
0 0.682422 0.504167 0.128906 0.041667
0 0.616406 0.577778 0.073438 0.025000
0 0.372656 0.340278 0.079687 0.061111
