0 0.726953 0.768056 0.147656 0.061111
0 0.843359 0.616667 0.213281 0.077778
0 0.846094 0.297917 0.214062 0.093056
0 0.733594 0.554167 0.154688 0.061111
0 0.359375 0.829861 0.087500 0.070833
0 0.193359 0.644444 0.246094 0.102778
0 0.379688 0.538194 0.115625 0.054167
0 0.413672 0.731944 0.052344 0.047222
0 0.416406 0.947917 0.054688 0.034722
0 0.689844 0.693750 0.117188 0.045833
0 0.663281 0.657639 0.098437 0.037500
0 0.696094 0.523611 0.123438 0.047222
0 0.439453 0.677083 0.036719 0.045833
0 0.445703 0.835417 0.033594 0.045833
0 0.648047 0.872222 0.033594 0.044444
0 0.626172 0.797917 0.024219 0.031944
0 0.615234 0.735417 0.025781 0.029167
0 0.464062 0.761111 0.023438 0.033333
0 0.187109 0.261111 0.255469 0.127778
0 0.327734 0.334028 0.152344 0.084722
0 0.389844 0.360417 0.092188 0.054167
0 0.441797 0.377083 0.042969 0.048611
0 0.638672 0.614583 0.077344 0.037500
0 0.730859 0.373611 0.149219 0.063889
