0 0.788672 0.852083 0.207031 0.070833
0 0.714453 0.747222 0.141406 0.061111
0 0.776563 0.572917 0.185938 0.073611
0 0.769531 0.343750 0.190625 0.093056
0 0.678125 0.687500 0.115625 0.041667
0 0.662109 0.950694 0.041406 0.068056
0 0.635547 0.853472 0.030469 0.045833
0 0.229687 0.636806 0.218750 0.126389
0 0.237109 0.299306 0.213281 0.098611
0 0.331641 0.562500 0.155469 0.063889
0 0.374219 0.802083 0.076563 0.054167
0 0.412891 0.712500 0.053906 0.055556
0 0.652344 0.638889 0.100000 0.033333
0 0.718750 0.543056 0.146875 0.041667
0 0.330469 0.346528 0.150000 0.079167
0 0.419922 0.909028 0.039844 0.045833
0 0.443359 0.811111 0.035156 0.041667
0 0.610938 0.771528 0.028125 0.034722
0 0.457813 0.750694 0.029687 0.031944
