0 0.771094 0.802083 0.192188 0.062500
0 0.874609 0.604167 0.250781 0.094444
0 0.871094 0.263194 0.256250 0.165278
0 0.112891 0.761806 0.221094 0.176389
0 0.108984 0.181250 0.216406 0.190278
0 0.257422 0.591667 0.202344 0.088889
0 0.253516 0.297917 0.203906 0.098611
0 0.702344 0.716667 0.125000 0.066667
0 0.382031 0.768056 0.064062 0.052778
0 0.330859 0.542361 0.158594 0.065278
0 0.335547 0.336806 0.142969 0.065278
0 0.656641 0.919444 0.033594 0.050000
0 0.628125 0.813194 0.028125 0.037500
0 0.318750 0.915278 0.089063 0.072222
0 0.770703 0.549306 0.194531 0.051389
0 0.707812 0.517361 0.143750 0.045833
0 0.615625 0.752778 0.032813 0.033333
0 0.664844 0.651389 0.109375 0.038889
0 0.428906 0.869444 0.032813 0.044444
0 0.446094 0.790972 0.023438 0.043056
0 0.420703 0.686111 0.033594 0.047222
0 0.407031 0.392361 0.093750 0.040278
0 0.456250 0.738889 0.029687 0.030556
0 0.639062 0.615972 0.084375 0.034722
0 0.710547 0.329167 0.072656 0.086111
