0 0.132812 0.674306 0.264062 0.131944
0 0.130859 0.212500 0.260156 0.163889
0 0.864453 0.616667 0.242969 0.094444
0 0.845703 0.295139 0.199219 0.140278
0 0.763281 0.809722 0.175000 0.080556
0 0.703516 0.706944 0.133594 0.047222
0 0.328516 0.879167 0.089844 0.075000
0 0.269141 0.579861 0.208594 0.079167
0 0.271875 0.300000 0.207813 0.088889
0 0.766797 0.555556 0.183594 0.058333
0 0.401562 0.745833 0.045312 0.052778
0 0.655859 0.897917 0.036719 0.048611
0 0.433203 0.853472 0.041406 0.043056
0 0.633203 0.811806 0.033594 0.040278
0 0.709766 0.331944 0.069531 0.080556
0 0.702734 0.520139 0.132031 0.040278
0 0.358984 0.535417 0.133594 0.059722
0 0.353125 0.335417 0.146875 0.076389
0 0.429297 0.677083 0.032031 0.037500
0 0.670703 0.653472 0.105469 0.040278
0 0.393750 0.385417 0.120313 0.045833
0 0.465625 0.736806 0.026562 0.031944
0 0.408984 0.970833 0.044531 0.058333
