0 0.842578 0.919444 0.241406 0.119444
0 0.848047 0.564583 0.250781 0.093056
0 0.810547 0.252778 0.182031 0.116667
0 0.739453 0.506250 0.172656 0.059722
0 0.137891 0.638194 0.274219 0.129167
0 0.137891 0.202778 0.274219 0.161111
0 0.279687 0.284028 0.189062 0.118056
0 0.286328 0.543056 0.188281 0.072222
0 0.732031 0.745139 0.156250 0.065278
0 0.349609 0.820833 0.071094 0.077778
0 0.401172 0.709028 0.035156 0.054167
0 0.405078 0.933333 0.038281 0.044444
0 0.450781 0.758333 0.031250 0.038889
0 0.625781 0.778472 0.037500 0.037500
0 0.684375 0.668750 0.123438 0.045833
0 0.655078 0.614583 0.096094 0.037500
0 0.362891 0.340278 0.107031 0.063889
0 0.347656 0.506250 0.140625 0.051389
0 0.425781 0.647222 0.040625 0.038889
0 0.643750 0.858333 0.037500 0.041667
0 0.430859 0.827083 0.036719 0.051389
0 0.617578 0.715278 0.041406 0.041667
0 0.686719 0.298611 0.070312 0.072222
