0 0.787500 0.855556 0.209375 0.088889
0 0.923438 0.657639 0.153125 0.148611
0 0.782813 0.534722 0.207813 0.077778
0 0.767578 0.243056 0.169531 0.088889
0 0.150000 0.598611 0.282813 0.097222
0 0.141406 0.198611 0.281250 0.166667
0 0.268750 0.517361 0.190625 0.062500
0 0.271875 0.298611 0.185938 0.094444
0 0.334375 0.779167 0.060937 0.072222
0 0.647656 0.961806 0.048438 0.048611
0 0.700391 0.715972 0.142969 0.062500
0 0.651953 0.640972 0.107031 0.043056
0 0.385547 0.900694 0.047656 0.048611
0 0.411719 0.799306 0.035937 0.037500
0 0.622656 0.822222 0.053125 0.052778
0 0.375781 0.684722 0.056250 0.052778
0 0.386719 0.505556 0.042188 0.052778
0 0.388672 0.311111 0.050781 0.055556
0 0.698828 0.285417 0.149219 0.068056
0 0.702344 0.488889 0.156250 0.058333
0 0.631641 0.588194 0.100781 0.029167
