0 0.894141 0.616667 0.211719 0.116667
0 0.895703 0.149306 0.208594 0.143056
0 0.764844 0.238194 0.192188 0.087500
0 0.767188 0.522917 0.201563 0.070833
0 0.765625 0.824306 0.196875 0.073611
0 0.687500 0.693056 0.137500 0.061111
0 0.173437 0.556944 0.256250 0.119444
0 0.170703 0.238194 0.264844 0.131944
0 0.339062 0.763194 0.075000 0.054167
0 0.386719 0.879167 0.039062 0.044444
0 0.647266 0.925694 0.060156 0.045833
0 0.621484 0.804167 0.055469 0.044444
0 0.421094 0.779167 0.026562 0.041667
0 0.377734 0.665278 0.050781 0.050000
0 0.282422 0.522917 0.169531 0.084722
0 0.343750 0.486806 0.125000 0.048611
0 0.643359 0.622917 0.097656 0.034722
0 0.648047 0.580556 0.091406 0.030556
0 0.687500 0.477778 0.137500 0.044444
0 0.334375 0.277083 0.068750 0.062500
0 0.260547 0.946528 0.082031 0.090278
