0 0.776953 0.815972 0.194531 0.070833
0 0.892578 0.610417 0.214844 0.104167
0 0.895312 0.156944 0.209375 0.130556
0 0.216797 0.573611 0.235156 0.116667
0 0.222266 0.230556 0.235156 0.088889
0 0.364844 0.759028 0.078125 0.045833
0 0.671094 0.922222 0.073438 0.044444
0 0.430859 0.875694 0.036719 0.048611
0 0.526953 0.741667 0.024219 0.033333
0 0.716406 0.700694 0.156250 0.045833
0 0.705078 0.637500 0.113281 0.030556
0 0.562109 0.571528 0.036719 0.029167
0 0.559766 0.457639 0.035156 0.029167
0 0.560547 0.363194 0.035156 0.023611
0 0.519141 0.352778 0.041406 0.033333
0 0.507812 0.459028 0.057813 0.040278
0 0.478125 0.484722 0.021875 0.044444
0 0.404687 0.475694 0.096875 0.056944
0 0.321484 0.517361 0.157031 0.062500
0 0.798047 0.520833 0.219531 0.066667
