0 0.873828 0.606250 0.252344 0.104167
0 0.739453 0.797222 0.160156 0.069444
0 0.691016 0.895833 0.060156 0.050000
0 0.287109 0.894444 0.080469 0.102778
0 0.375000 0.740972 0.048438 0.090278
0 0.446094 0.670139 0.037500 0.068056
0 0.507422 0.625694 0.038281 0.031944
0 0.554297 0.586111 0.036719 0.041667
0 0.416797 0.481944 0.086719 0.072222
0 0.485938 0.462500 0.073438 0.038889
0 0.552734 0.454861 0.044531 0.026389
0 0.084766 0.733333 0.157031 0.138889
0 0.222656 0.565278 0.207813 0.083333
0 0.246094 0.251389 0.217188 0.083333
0 0.555078 0.346528 0.046094 0.034722
0 0.876953 0.186806 0.242969 0.115278
0 0.730469 0.686111 0.134375 0.047222
0 0.720313 0.634028 0.054688 0.034722
0 0.553125 0.723611 0.028125 0.033333
0 0.591406 0.681250 0.020313 0.031944
