0 0.897656 0.811111 0.184375 0.066667
0 0.820703 0.706944 0.144531 0.055556
0 0.766406 0.647917 0.103125 0.034722
0 0.722656 0.605556 0.087500 0.033333
0 0.695703 0.577778 0.078906 0.033333
0 0.152734 0.776389 0.303906 0.141667
0 0.350000 0.610417 0.242188 0.106944
0 0.440625 0.525694 0.165625 0.037500
0 0.156250 0.098611 0.310937 0.186111
0 0.359766 0.259722 0.225781 0.055556
0 0.897656 0.536111 0.189062 0.063889
0 0.674219 0.557639 0.070312 0.029167
0 0.652734 0.538194 0.066406 0.029167
0 0.653125 0.663194 0.029687 0.029167
0 0.668359 0.701389 0.025781 0.027778
0 0.693359 0.743750 0.027344 0.031944
0 0.725781 0.816667 0.021875 0.044444
0 0.771094 0.922222 0.037500 0.050000
0 0.818359 0.502778 0.122656 0.041667
0 0.478516 0.491667 0.124219 0.030556
