0 0.862109 0.942361 0.275781 0.106944
0 0.788281 0.753472 0.170313 0.065278
0 0.791016 0.676389 0.132031 0.044444
0 0.385156 0.496528 0.114062 0.081944
0 0.112109 0.648611 0.222656 0.116667
0 0.404297 0.292361 0.088281 0.070833
0 0.491797 0.308333 0.082031 0.047222
0 0.477734 0.471528 0.108594 0.040278
0 0.533984 0.462500 0.096094 0.038889
0 0.799219 0.628472 0.117188 0.048611
0 0.596875 0.715278 0.029687 0.038889
0 0.556641 0.767361 0.035156 0.037500
0 0.557813 0.614583 0.034375 0.048611
0 0.600781 0.581250 0.023438 0.037500
0 0.508984 0.861111 0.027344 0.033333
