0 0.872656 0.679167 0.254688 0.119444
0 0.795312 0.900694 0.221875 0.079167
0 0.741406 0.770833 0.153125 0.052778
0 0.235547 0.600694 0.189844 0.076389
0 0.347656 0.352083 0.131250 0.065278
0 0.345313 0.547222 0.145313 0.058333
0 0.302734 0.942361 0.077344 0.079167
0 0.394922 0.790278 0.052344 0.058333
0 0.447266 0.707639 0.036719 0.040278
0 0.453906 0.898611 0.031250 0.044444
0 0.486719 0.809722 0.028125 0.030556
0 0.665234 0.881250 0.021094 0.043056
0 0.698828 0.711806 0.092969 0.059722
0 0.787891 0.586111 0.208594 0.077778
0 0.693750 0.653472 0.098437 0.029167
0 0.482422 0.665972 0.025781 0.040278
0 0.407031 0.528472 0.112500 0.051389
0 0.452344 0.406944 0.085938 0.041667
0 0.657422 0.801389 0.021094 0.036111
0 0.500781 0.759722 0.029687 0.036111
0 0.789844 0.284722 0.214062 0.072222
0 0.735547 0.347917 0.149219 0.056944
