0 0.741797 0.852778 0.205469 0.061111
0 0.855859 0.660417 0.278906 0.118056
0 0.737891 0.558333 0.200781 0.069444
0 0.730469 0.291667 0.185938 0.075000
0 0.671094 0.747222 0.139063 0.069444
0 0.271875 0.899306 0.071875 0.065278
0 0.195703 0.566667 0.213281 0.077778
0 0.193359 0.280556 0.208594 0.077778
0 0.293750 0.526389 0.157812 0.052778
0 0.290625 0.313889 0.151562 0.061111
0 0.357031 0.367361 0.100000 0.068056
0 0.346484 0.754167 0.049219 0.061111
0 0.394531 0.679167 0.040625 0.041667
0 0.399609 0.852083 0.030469 0.037500
0 0.357031 0.979861 0.046875 0.040278
0 0.418750 0.781250 0.039062 0.040278
0 0.619922 0.959722 0.033594 0.050000
0 0.601953 0.840972 0.025781 0.031944
0 0.590234 0.757639 0.022656 0.040278
0 0.647266 0.661111 0.116406 0.036111
0 0.621484 0.615278 0.094531 0.030556
0 0.357812 0.512500 0.110937 0.055556
0 0.676172 0.520833 0.142969 0.058333
0 0.676953 0.330556 0.142969 0.050000
