0 0.778516 0.877778 0.196094 0.094444
0 0.889844 0.662500 0.218750 0.094444
0 0.893359 0.236111 0.213281 0.116667
0 0.786719 0.578472 0.204687 0.059722
0 0.712500 0.738889 0.139063 0.052778
0 0.401172 0.956944 0.041406 0.050000
0 0.429688 0.856944 0.034375 0.038889
0 0.125781 0.640278 0.250000 0.138889
0 0.263672 0.554167 0.208594 0.075000
0 0.270703 0.282639 0.197656 0.073611
0 0.125391 0.188889 0.249219 0.141667
0 0.400000 0.743056 0.039062 0.047222
0 0.341797 0.877083 0.050781 0.065278
0 0.632422 0.839583 0.036719 0.043056
0 0.653516 0.953472 0.028906 0.045833
0 0.672656 0.668750 0.109375 0.037500
0 0.718750 0.534722 0.146875 0.055556
0 0.775391 0.321528 0.177344 0.065278
0 0.357812 0.537500 0.129688 0.080556
0 0.358203 0.350694 0.136719 0.068056
0 0.426953 0.680556 0.041406 0.047222
0 0.619531 0.764583 0.035937 0.034722
0 0.446875 0.779861 0.035937 0.037500
0 0.460547 0.722222 0.030469 0.033333
0 0.606250 0.711806 0.029687 0.034722
0 0.716797 0.350694 0.132031 0.059722
0 0.677344 0.513194 0.109375 0.034722
0 0.646484 0.622917 0.082031 0.031944
