0 0.770312 0.834028 0.187500 0.068056
0 0.880859 0.653472 0.228906 0.101389
0 0.885156 0.254861 0.229687 0.120833
0 0.782813 0.567361 0.192188 0.070833
0 0.356250 0.849306 0.056250 0.068056
0 0.134375 0.628472 0.267188 0.118056
0 0.138672 0.192361 0.275781 0.154167
0 0.289062 0.315972 0.184375 0.106944
0 0.288672 0.565972 0.182031 0.112500
0 0.399609 0.738194 0.060156 0.051389
0 0.703125 0.715278 0.129688 0.055556
0 0.666016 0.658333 0.102344 0.033333
0 0.776172 0.315278 0.178906 0.075000
0 0.360938 0.523611 0.135937 0.061111
0 0.407422 0.338889 0.052344 0.044444
0 0.707031 0.527083 0.135937 0.048611
0 0.400781 0.958333 0.048438 0.058333
0 0.426953 0.838194 0.042969 0.040278
0 0.656641 0.934722 0.050781 0.044444
0 0.631641 0.822222 0.036719 0.041667
0 0.614844 0.753472 0.029687 0.034722
0 0.450000 0.770139 0.018750 0.037500
0 0.705078 0.344444 0.132031 0.061111
0 0.650391 0.615972 0.094531 0.037500
