0 0.125000 0.644444 0.248438 0.150000
0 0.132422 0.257639 0.263281 0.173611
0 0.830078 0.633333 0.264844 0.094444
0 0.840234 0.273611 0.274219 0.108333
0 0.705469 0.559028 0.170313 0.054167
0 0.702734 0.808333 0.174219 0.066667
0 0.314844 0.840972 0.053125 0.068056
0 0.363281 0.726389 0.029687 0.044444
0 0.252344 0.545139 0.184375 0.073611
0 0.642578 0.705556 0.119531 0.036111
0 0.613672 0.651389 0.097656 0.033333
0 0.355859 0.934028 0.042969 0.051389
0 0.380469 0.831944 0.035937 0.038889
0 0.601172 0.899306 0.047656 0.048611
0 0.579297 0.807639 0.032031 0.037500
0 0.405469 0.752778 0.032813 0.036111
0 0.305078 0.315278 0.083594 0.080556
0 0.708203 0.327083 0.169531 0.070833
0 0.648047 0.518056 0.127344 0.050000
0 0.589453 0.613889 0.082031 0.033333
0 0.424609 0.668056 0.024219 0.030556
0 0.562109 0.742361 0.027344 0.029167
0 0.308594 0.515278 0.142187 0.050000
