0 0.822266 0.602778 0.242969 0.108333
0 0.818359 0.269444 0.252344 0.116667
0 0.159375 0.647222 0.267188 0.088889
0 0.166016 0.294444 0.249219 0.105556
0 0.279687 0.577083 0.168750 0.062500
0 0.330859 0.836806 0.066406 0.073611
0 0.703125 0.782639 0.150000 0.062500
0 0.825391 0.960417 0.246094 0.079167
0 0.379688 0.947917 0.050000 0.045833
0 0.624609 0.893056 0.055469 0.044444
0 0.410938 0.839583 0.037500 0.037500
0 0.662500 0.705556 0.128125 0.041667
0 0.706250 0.549306 0.156250 0.054167
0 0.287500 0.349306 0.159375 0.076389
0 0.698438 0.336806 0.143750 0.056944
0 0.637891 0.655556 0.114844 0.036111
0 0.604297 0.624306 0.082031 0.029167
0 0.572266 0.580556 0.066406 0.030556
0 0.597656 0.811806 0.039062 0.031944
