0 0.112891 0.918056 0.224219 0.141667
0 0.114844 0.295139 0.228125 0.168056
0 0.267969 0.711111 0.250000 0.080556
0 0.271484 0.390972 0.227344 0.090278
0 0.776953 0.841667 0.144531 0.063889
0 0.877344 0.662500 0.231250 0.094444
0 0.859375 0.363194 0.218750 0.104167
0 0.728516 0.767361 0.116406 0.045833
0 0.694922 0.715972 0.094531 0.040278
0 0.648828 0.659722 0.069531 0.036111
0 0.370312 0.640972 0.159375 0.054167
0 0.769531 0.619444 0.140625 0.052778
0 0.417969 0.418056 0.067187 0.066667
0 0.496875 0.820833 0.039062 0.038889
0 0.492578 0.775000 0.027344 0.030556
0 0.731641 0.411111 0.064844 0.069444
