0 0.917578 0.764583 0.164844 0.098611
0 0.117578 0.790972 0.233594 0.123611
0 0.121484 0.263194 0.241406 0.145833
0 0.279297 0.654167 0.211719 0.069444
0 0.826562 0.950000 0.215625 0.080556
0 0.741016 0.817361 0.136719 0.051389
0 0.819922 0.654861 0.199219 0.070833
0 0.699219 0.747917 0.106250 0.043056
0 0.676172 0.700694 0.085156 0.034722
0 0.650781 0.668056 0.082812 0.025000
0 0.658984 0.934722 0.028906 0.036111
0 0.470703 0.788889 0.038281 0.025000
0 0.367578 0.600694 0.149219 0.059722
0 0.309375 0.354167 0.170313 0.094444
0 0.839844 0.375694 0.226562 0.081944
0 0.605469 0.643056 0.071875 0.027778
0 0.605078 0.540972 0.066406 0.029167
0 0.742969 0.599306 0.132812 0.045833
0 0.454297 0.936111 0.032031 0.050000
0 0.452734 0.746528 0.028906 0.048611
0 0.470313 0.690278 0.050000 0.036111
0 0.584375 0.749306 0.026562 0.034722
0 0.641406 0.844444 0.020313 0.044444
