0 0.779687 0.893750 0.167187 0.073611
0 0.875781 0.711806 0.242188 0.095833
0 0.775000 0.669444 0.153125 0.091667
0 0.127734 0.818056 0.253906 0.125000
0 0.291797 0.698611 0.219531 0.083333
0 0.290625 0.409722 0.215625 0.083333
0 0.123438 0.311111 0.245312 0.147222
0 0.386328 0.644444 0.152344 0.061111
0 0.394141 0.452778 0.147656 0.061111
0 0.872266 0.383333 0.241406 0.091667
0 0.772656 0.435417 0.170313 0.062500
0 0.723828 0.626389 0.113281 0.055556
0 0.726172 0.806944 0.122656 0.063889
0 0.657813 0.917361 0.043750 0.040278
0 0.482422 0.909028 0.041406 0.034722
0 0.643750 0.853472 0.034375 0.029167
0 0.494922 0.838194 0.024219 0.029167
0 0.689453 0.752778 0.094531 0.050000
0 0.716016 0.458333 0.111719 0.047222
0 0.432031 0.618056 0.107813 0.047222
0 0.661328 0.715278 0.072656 0.033333
