0 0.905859 0.919444 0.188281 0.075000
0 0.828125 0.770833 0.159375 0.058333
0 0.768359 0.686111 0.122656 0.036111
0 0.721484 0.634028 0.102344 0.037500
0 0.688281 0.595833 0.081250 0.033333
0 0.667578 0.569444 0.077344 0.030556
0 0.238672 0.660417 0.303906 0.168056
0 0.388281 0.536111 0.192188 0.069444
0 0.907031 0.584028 0.182812 0.076389
0 0.822656 0.540278 0.137500 0.072222
0 0.723047 0.487500 0.103906 0.041667
0 0.721484 0.875694 0.035156 0.048611
0 0.686719 0.786111 0.032813 0.038889
0 0.507031 0.810417 0.040625 0.034722
0 0.660937 0.729167 0.028125 0.030556
0 0.249219 0.187500 0.314063 0.133333
0 0.910156 0.270833 0.179688 0.080556
0 0.640625 0.687500 0.028125 0.033333
0 0.626563 0.650000 0.037500 0.025000
0 0.382031 0.275000 0.206250 0.063889
