0 0.129688 0.740972 0.243750 0.120833
0 0.283594 0.622917 0.196875 0.081944
0 0.126953 0.262500 0.252344 0.130556
0 0.792578 0.906250 0.182031 0.079167
0 0.898438 0.718750 0.201563 0.104167
0 0.718359 0.784722 0.124219 0.052778
0 0.689844 0.719444 0.114062 0.047222
0 0.648828 0.674306 0.080469 0.040278
0 0.643750 0.893056 0.026562 0.041667
0 0.438281 0.898611 0.050000 0.047222
0 0.407422 0.810417 0.047656 0.045833
0 0.437891 0.718056 0.053906 0.047222
0 0.577344 0.763194 0.039062 0.020833
0 0.600781 0.638194 0.076563 0.031944
0 0.793359 0.620139 0.191406 0.062500
0 0.598437 0.521528 0.075000 0.040278
0 0.311328 0.370833 0.127344 0.094444
0 0.563672 0.613889 0.064844 0.033333
