0 0.803906 0.838889 0.184375 0.058333
0 0.739062 0.722222 0.134375 0.052778
0 0.692187 0.660417 0.100000 0.043056
0 0.901953 0.642361 0.188281 0.106944
0 0.804297 0.558333 0.185156 0.066667
0 0.742188 0.512500 0.137500 0.047222
0 0.627344 0.611806 0.090625 0.037500
0 0.581641 0.587500 0.072656 0.030556
0 0.625781 0.482639 0.092188 0.037500
0 0.583594 0.472917 0.082812 0.037500
0 0.434766 0.953472 0.066406 0.054167
0 0.689063 0.940972 0.031250 0.048611
0 0.598828 0.755556 0.030469 0.041667
0 0.654687 0.832639 0.028125 0.043056
0 0.445312 0.833333 0.040625 0.036111
0 0.424609 0.733333 0.072656 0.052778
0 0.148828 0.669444 0.280469 0.111111
0 0.316016 0.565278 0.183594 0.066667
0 0.611719 0.359722 0.067187 0.044444
0 0.386328 0.514583 0.146094 0.056944
0 0.346484 0.322917 0.114844 0.090278
0 0.560156 0.710417 0.026562 0.037500
0 0.438281 0.663889 0.057813 0.044444
0 0.141406 0.275000 0.281250 0.155556
0 0.561328 0.372222 0.032031 0.036111
