0 0.862109 0.822222 0.194531 0.072222
0 0.781641 0.726389 0.128906 0.066667
0 0.699609 0.656250 0.107031 0.043056
0 0.649609 0.615972 0.088281 0.045833
0 0.434766 0.831250 0.092969 0.068056
0 0.248438 0.631250 0.257812 0.098611
0 0.391406 0.558333 0.178125 0.069444
0 0.242578 0.259028 0.246094 0.154167
0 0.914844 0.627778 0.167187 0.100000
0 0.857031 0.547917 0.181250 0.068056
0 0.694922 0.500000 0.105469 0.047222
0 0.662500 0.827083 0.034375 0.034722
0 0.471875 0.922917 0.064062 0.037500
0 0.462891 0.723611 0.072656 0.044444
0 0.625391 0.486111 0.041406 0.044444
0 0.622266 0.370833 0.041406 0.044444
0 0.678906 0.356250 0.078125 0.054167
0 0.418750 0.300000 0.118750 0.072222
0 0.433594 0.516667 0.132812 0.050000
0 0.783203 0.332639 0.133594 0.062500
0 0.620313 0.760417 0.028125 0.034722
0 0.587891 0.713194 0.027344 0.031944
0 0.465234 0.663889 0.036719 0.041667
0 0.611719 0.588889 0.070312 0.038889
