0 0.823438 0.838889 0.167187 0.072222
0 0.910156 0.644444 0.178125 0.086111
0 0.913281 0.297917 0.173437 0.109722
0 0.830078 0.581944 0.167969 0.061111
0 0.719141 0.722917 0.132031 0.043056
0 0.427344 0.804861 0.075000 0.065278
0 0.307031 0.606944 0.232813 0.100000
0 0.313672 0.260417 0.221094 0.109722
0 0.385547 0.336806 0.167969 0.076389
0 0.658984 0.669444 0.102344 0.036111
0 0.723437 0.540278 0.132812 0.041667
0 0.812891 0.340278 0.128906 0.072222
0 0.435156 0.715278 0.048438 0.052778
0 0.671094 0.925000 0.042188 0.050000
0 0.624219 0.830556 0.035937 0.041667
0 0.587500 0.767361 0.028125 0.034722
0 0.616797 0.626389 0.080469 0.033333
0 0.622656 0.501389 0.087500 0.036111
0 0.714063 0.363194 0.112500 0.070833
0 0.388672 0.550000 0.155469 0.069444
0 0.437500 0.659028 0.031250 0.040278
0 0.587500 0.603472 0.076563 0.034722
0 0.660937 0.376389 0.098437 0.061111
