0 0.911719 0.902083 0.176563 0.109722
0 0.916406 0.545139 0.167187 0.087500
0 0.917969 0.211111 0.164062 0.094444
0 0.772266 0.718056 0.161719 0.061111
0 0.396875 0.853472 0.107813 0.070833
0 0.171484 0.647222 0.333594 0.166667
0 0.337500 0.522917 0.231250 0.076389
0 0.337109 0.227778 0.216406 0.097222
0 0.776953 0.489583 0.161719 0.059722
0 0.770312 0.277083 0.157812 0.059722
0 0.691406 0.640972 0.114062 0.045833
0 0.640234 0.587500 0.097656 0.044444
0 0.711328 0.965278 0.052344 0.050000
0 0.433984 0.937500 0.049219 0.047222
0 0.610547 0.744444 0.036719 0.036111
0 0.422266 0.716667 0.064844 0.055556
0 0.693359 0.458333 0.119531 0.050000
0 0.688672 0.298611 0.110156 0.052778
0 0.641797 0.440278 0.096094 0.038889
0 0.575000 0.684722 0.031250 0.033333
0 0.432812 0.633333 0.035937 0.041667
0 0.605469 0.553472 0.082812 0.034722
0 0.649609 0.831250 0.038281 0.048611
