0 0.862500 0.865972 0.229687 0.084722
0 0.868750 0.556944 0.225000 0.080556
0 0.210938 0.619444 0.325000 0.133333
0 0.206641 0.169444 0.339844 0.152778
0 0.748828 0.734028 0.150781 0.056944
0 0.755078 0.506944 0.166406 0.063889
0 0.868359 0.262500 0.228906 0.088889
0 0.750391 0.307639 0.152344 0.062500
0 0.643359 0.833333 0.041406 0.050000
0 0.419922 0.705556 0.041406 0.061111
0 0.329688 0.547222 0.187500 0.094444
0 0.369531 0.490278 0.146875 0.050000
0 0.330469 0.262500 0.185938 0.069444
0 0.683984 0.653472 0.113281 0.043056
0 0.642969 0.609028 0.092188 0.043056
0 0.620313 0.568750 0.089063 0.031944
0 0.431250 0.806250 0.045312 0.037500
0 0.611328 0.752778 0.039844 0.033333
0 0.687109 0.479167 0.113281 0.050000
0 0.689844 0.318056 0.114062 0.047222
