0 0.820625 0.210000 0.183750 0.116667
0 0.836875 0.395000 0.218750 0.090000
0 0.780625 0.750000 0.126250 0.076667
0 0.321875 0.767500 0.118750 0.085000
0 0.310000 0.921667 0.075000 0.083333
0 0.228125 0.394167 0.206250 0.108333
0 0.234375 0.209167 0.211250 0.098333
0 0.696875 0.427500 0.126250 0.061667
0 0.685000 0.321667 0.110000 0.063333
0 0.355000 0.425833 0.120000 0.058333
0 0.355000 0.317500 0.125000 0.051667
0 0.663125 0.638333 0.078750 0.046667
0 0.641875 0.746667 0.051250 0.053333
0 0.619375 0.590833 0.063750 0.038333
0 0.381250 0.640000 0.080000 0.043333
