0 0.853125 0.883333 0.209375 0.075000
0 0.863672 0.579861 0.225781 0.073611
0 0.821484 0.302083 0.127344 0.087500
0 0.762891 0.747917 0.146094 0.054167
0 0.251953 0.634722 0.275781 0.172222
0 0.248828 0.229167 0.297656 0.113889
0 0.363281 0.529167 0.178125 0.075000
0 0.450000 0.909722 0.048438 0.044444
0 0.664453 0.852083 0.030469 0.037500
0 0.620313 0.702778 0.018750 0.033333
0 0.712109 0.672222 0.113281 0.041667
0 0.771875 0.525694 0.145313 0.059722
0 0.422266 0.815278 0.055469 0.072222
0 0.453125 0.700000 0.037500 0.044444
0 0.361328 0.290972 0.180469 0.073611
0 0.678125 0.622222 0.098437 0.036111
0 0.466797 0.797917 0.038281 0.045833
0 0.767578 0.324306 0.128906 0.070833
0 0.412109 0.498611 0.132031 0.055556
0 0.708984 0.976389 0.052344 0.047222
0 0.619922 0.660417 0.028906 0.037500
0 0.651172 0.579861 0.067969 0.026389
0 0.715625 0.497222 0.117188 0.052778
0 0.945703 0.701389 0.108594 0.116667
