0 0.913281 0.656944 0.173437 0.113889
0 0.913281 0.234028 0.173437 0.123611
0 0.811328 0.855556 0.191406 0.075000
0 0.251172 0.597917 0.258594 0.095833
0 0.251172 0.246528 0.267969 0.115278
0 0.352344 0.538194 0.164062 0.068056
0 0.409766 0.792361 0.049219 0.062500
0 0.439453 0.900000 0.053906 0.055556
0 0.676953 0.961111 0.035156 0.047222
0 0.626563 0.754861 0.031250 0.020833
0 0.684766 0.662500 0.108594 0.038889
0 0.732031 0.738194 0.142187 0.059722
0 0.825391 0.572222 0.203906 0.061111
0 0.826953 0.302778 0.194531 0.088889
0 0.743359 0.526389 0.150781 0.052778
0 0.655859 0.613889 0.082031 0.033333
0 0.644141 0.583333 0.075781 0.025000
0 0.629687 0.561111 0.068750 0.025000
0 0.481641 0.713889 0.025781 0.027778
0 0.616797 0.700694 0.030469 0.026389
0 0.487891 0.676389 0.027344 0.022222
0 0.607422 0.661111 0.024219 0.027778
0 0.499609 0.647222 0.010156 0.016667
0 0.734766 0.334722 0.132031 0.050000
0 0.348828 0.307639 0.174219 0.065278
0 0.095703 0.853472 0.189844 0.212500
