0 0.912500 0.643750 0.175000 0.095833
0 0.916406 0.220139 0.167187 0.123611
0 0.114844 0.742361 0.228125 0.159722
0 0.260547 0.584722 0.246094 0.100000
0 0.121094 0.105556 0.240625 0.175000
0 0.253906 0.254167 0.251563 0.094444
0 0.802734 0.841667 0.186719 0.069444
0 0.732422 0.716667 0.133594 0.058333
0 0.808594 0.555556 0.182812 0.063889
0 0.492188 0.704167 0.025000 0.030556
0 0.639844 0.730556 0.032813 0.027778
0 0.626953 0.684722 0.028906 0.030556
0 0.687109 0.640972 0.103906 0.037500
0 0.667969 0.595833 0.087500 0.033333
0 0.498047 0.665278 0.025781 0.022222
0 0.357422 0.525694 0.164844 0.059722
0 0.410938 0.493750 0.115625 0.054167
0 0.360938 0.304861 0.148438 0.062500
0 0.814844 0.296528 0.196875 0.076389
0 0.732812 0.513889 0.129688 0.047222
0 0.502734 0.632639 0.024219 0.023611
0 0.617969 0.649306 0.025000 0.026389
0 0.653906 0.565278 0.076563 0.022222
