0 0.810156 0.837500 0.184375 0.058333
0 0.909375 0.652083 0.181250 0.093056
0 0.738281 0.709722 0.126562 0.044444
0 0.121484 0.711806 0.233594 0.159722
0 0.285547 0.576389 0.241406 0.088889
0 0.389453 0.525694 0.144531 0.070833
0 0.297656 0.254167 0.215625 0.100000
0 0.498437 0.751389 0.035937 0.044444
0 0.674609 0.805556 0.036719 0.038889
0 0.516016 0.702083 0.027344 0.037500
0 0.710547 0.645139 0.099219 0.029167
0 0.690625 0.608333 0.082812 0.027778
0 0.661328 0.740278 0.038281 0.033333
0 0.650781 0.695139 0.028125 0.029167
0 0.822656 0.565972 0.198437 0.062500
0 0.738672 0.521528 0.122656 0.043056
0 0.518359 0.663889 0.025781 0.025000
0 0.867188 0.320139 0.265625 0.115278
