0 0.853516 0.800694 0.177344 0.065278
0 0.770312 0.690278 0.131250 0.055556
0 0.715234 0.625000 0.105469 0.041667
0 0.676953 0.581250 0.086719 0.034722
0 0.142969 0.775694 0.273438 0.229167
0 0.305469 0.550694 0.281250 0.084722
0 0.407813 0.498611 0.148438 0.050000
0 0.652734 0.554167 0.075781 0.038889
0 0.677344 0.792361 0.029687 0.037500
0 0.648047 0.729167 0.028906 0.027778
0 0.775391 0.487500 0.138281 0.061111
0 0.710547 0.465972 0.099219 0.045833
0 0.679297 0.453472 0.091406 0.043056
0 0.149609 0.075000 0.297656 0.147222
0 0.933594 0.197917 0.132812 0.101389
0 0.642969 0.441667 0.064062 0.033333
