0 0.785937 0.793056 0.168750 0.050000
0 0.740625 0.701389 0.121875 0.033333
0 0.713281 0.645833 0.096875 0.044444
0 0.127344 0.725694 0.253125 0.129167
0 0.302734 0.593056 0.203906 0.086111
0 0.430469 0.532639 0.118750 0.048611
0 0.126562 0.182639 0.251563 0.168056
0 0.783594 0.557639 0.159375 0.054167
0 0.695312 0.610417 0.087500 0.029167
0 0.467187 0.711806 0.045312 0.043056
0 0.488281 0.654861 0.042188 0.031944
0 0.701172 0.893750 0.047656 0.043056
0 0.680859 0.800694 0.036719 0.048611
0 0.670312 0.742361 0.039062 0.029167
0 0.499219 0.830556 0.034375 0.047222
0 0.510547 0.764583 0.033594 0.034722
0 0.305078 0.332639 0.188281 0.087500
0 0.740625 0.518750 0.125000 0.043056
0 0.521875 0.711111 0.026562 0.030556
0 0.655469 0.696528 0.017188 0.026389
