0 0.860938 0.881250 0.215625 0.081944
0 0.789453 0.736806 0.150781 0.062500
0 0.855469 0.562500 0.209375 0.083333
0 0.745313 0.658333 0.110937 0.050000
0 0.714453 0.616667 0.078906 0.041667
0 0.166406 0.671528 0.317188 0.106944
0 0.399609 0.550000 0.150781 0.063889
0 0.399219 0.338889 0.139063 0.069444
0 0.714453 0.843750 0.044531 0.048611
0 0.496094 0.891667 0.037500 0.047222
0 0.510938 0.799306 0.045312 0.040278
0 0.691406 0.767361 0.034375 0.037500
0 0.678125 0.713889 0.025000 0.030556
0 0.523828 0.738889 0.030469 0.030556
0 0.454688 0.769444 0.057813 0.055556
0 0.703125 0.583333 0.084375 0.036111
0 0.447266 0.511806 0.122656 0.040278
0 0.483594 0.685417 0.051562 0.037500
0 0.789453 0.513889 0.147656 0.066667
0 0.750391 0.972222 0.066406 0.052778
