0 0.859375 0.836111 0.206250 0.052778
0 0.916016 0.634722 0.167969 0.111111
0 0.857031 0.548611 0.203125 0.075000
0 0.786719 0.715278 0.143750 0.055556
0 0.467578 0.734028 0.063281 0.059722
0 0.350781 0.576389 0.190625 0.088889
0 0.349219 0.315278 0.192188 0.088889
0 0.752734 0.655556 0.111719 0.044444
0 0.748828 0.940278 0.063281 0.052778
0 0.718359 0.829167 0.041406 0.052778
0 0.504687 0.857639 0.050000 0.056944
0 0.523828 0.781944 0.032031 0.041667
0 0.542578 0.734722 0.022656 0.027778
0 0.695312 0.754167 0.023438 0.036111
0 0.727344 0.614583 0.095312 0.034722
0 0.425391 0.532639 0.136719 0.048611
0 0.465625 0.354167 0.115625 0.033333
0 0.784766 0.512500 0.139844 0.052778
0 0.742578 0.347222 0.100781 0.052778
