0 0.900781 0.911806 0.198437 0.090278
0 0.821094 0.715278 0.181250 0.063889
0 0.898047 0.518750 0.189844 0.104167
0 0.826562 0.459722 0.190625 0.069444
0 0.770703 0.629861 0.136719 0.040278
0 0.734375 0.572917 0.101562 0.043056
0 0.898438 0.132639 0.200000 0.129167
0 0.815625 0.218056 0.171875 0.083333
0 0.223047 0.583333 0.277344 0.100000
0 0.216016 0.184028 0.274219 0.120833
0 0.360547 0.497917 0.175781 0.051389
0 0.425391 0.460417 0.138281 0.043056
0 0.413281 0.758333 0.096875 0.063889
0 0.462891 0.652083 0.080469 0.068056
0 0.478125 0.879167 0.059375 0.055556
0 0.500000 0.769444 0.048438 0.044444
0 0.724609 0.833333 0.049219 0.041667
0 0.698438 0.739583 0.028125 0.029167
0 0.524609 0.698611 0.022656 0.038889
0 0.391797 0.241667 0.105469 0.066667
0 0.770312 0.430556 0.143750 0.058333
0 0.425000 0.274306 0.131250 0.062500
0 0.460547 0.300000 0.105469 0.050000
0 0.497266 0.591667 0.052344 0.044444
0 0.517578 0.559028 0.036719 0.031944
