0 0.830078 0.816667 0.233594 0.069444
0 0.842578 0.481250 0.242969 0.084722
0 0.844141 0.163194 0.241406 0.095833
0 0.749219 0.668056 0.160938 0.055556
0 0.700781 0.600000 0.123438 0.044444
0 0.693359 0.918056 0.055469 0.052778
0 0.391797 0.970139 0.063281 0.056944
0 0.304688 0.847917 0.104688 0.087500
0 0.225781 0.498611 0.245312 0.083333
0 0.221094 0.163889 0.248438 0.100000
0 0.337500 0.454167 0.162500 0.061111
0 0.426953 0.614583 0.053906 0.043056
0 0.424609 0.818750 0.057031 0.056944
0 0.454297 0.729167 0.036719 0.047222
0 0.338672 0.227083 0.155469 0.076389
0 0.751172 0.443056 0.167969 0.047222
0 0.743750 0.225000 0.156250 0.061111
0 0.398438 0.265278 0.114062 0.050000
0 0.700000 0.261111 0.112500 0.052778
0 0.657422 0.426389 0.030469 0.047222
0 0.678125 0.550694 0.096875 0.037500
0 0.637891 0.701389 0.027344 0.033333
