0 0.789453 0.765278 0.210156 0.069444
0 0.891797 0.545139 0.214844 0.120833
0 0.718750 0.655556 0.142187 0.047222
0 0.326172 0.801389 0.096094 0.080556
0 0.109375 0.569444 0.217188 0.138889
0 0.260547 0.486111 0.207031 0.080556
0 0.252734 0.188889 0.224219 0.083333
0 0.390234 0.677778 0.055469 0.066667
0 0.428516 0.616667 0.049219 0.052778
0 0.667188 0.879167 0.042188 0.047222
0 0.392969 0.928472 0.054688 0.051389
0 0.641016 0.765278 0.030469 0.041667
0 0.458594 0.722222 0.025000 0.033333
0 0.679297 0.590972 0.110156 0.040278
0 0.794531 0.470139 0.210938 0.079167
0 0.792578 0.193750 0.207031 0.081944
0 0.722656 0.442361 0.145313 0.051389
0 0.715625 0.249306 0.132812 0.062500
0 0.348047 0.252083 0.138281 0.059722
0 0.344531 0.461111 0.148438 0.061111
0 0.394922 0.429167 0.117969 0.041667
0 0.431641 0.797222 0.047656 0.069444
