0 0.862500 0.852778 0.275000 0.097222
0 0.863672 0.445833 0.272656 0.125000
0 0.863281 0.061111 0.273438 0.119444
0 0.750000 0.407639 0.189062 0.076389
0 0.750391 0.668750 0.183594 0.070833
0 0.326172 0.723611 0.092969 0.088889
0 0.128125 0.517361 0.254688 0.129167
0 0.122266 0.071528 0.242969 0.129167
0 0.267578 0.454861 0.189844 0.076389
0 0.258203 0.193056 0.199219 0.091667
0 0.342578 0.404861 0.133594 0.056944
0 0.379688 0.625694 0.078125 0.048611
0 0.690234 0.579861 0.132031 0.048611
0 0.425781 0.725000 0.037500 0.038889
0 0.645703 0.784722 0.039844 0.044444
0 0.619141 0.686111 0.035156 0.047222
0 0.453125 0.652083 0.025000 0.037500
0 0.421094 0.552083 0.035937 0.040278
0 0.747656 0.157639 0.192188 0.076389
0 0.342969 0.216667 0.129688 0.072222
0 0.687500 0.202778 0.132812 0.055556
