0 0.830859 0.764583 0.239844 0.093056
0 0.832422 0.430556 0.246094 0.100000
0 0.834375 0.110417 0.256250 0.106944
0 0.200391 0.491667 0.247656 0.094444
0 0.194922 0.143056 0.242969 0.119444
0 0.316406 0.420833 0.167187 0.055556
0 0.376172 0.681250 0.058594 0.070833
0 0.743359 0.621528 0.166406 0.065278
0 0.302734 0.190972 0.188281 0.081944
0 0.733594 0.175694 0.156250 0.056944
0 0.417578 0.588194 0.047656 0.051389
0 0.428125 0.785417 0.037500 0.048611
0 0.451953 0.690972 0.032031 0.037500
0 0.681641 0.868750 0.052344 0.062500
0 0.369922 0.395139 0.135156 0.045833
