0 0.878906 0.945833 0.242188 0.100000
0 0.777344 0.705556 0.190625 0.069444
0 0.882812 0.500000 0.234375 0.113889
0 0.112891 0.545139 0.224219 0.129167
0 0.263281 0.439583 0.215625 0.073611
0 0.256250 0.156250 0.221875 0.098611
0 0.323047 0.765972 0.094531 0.095833
0 0.712891 0.607639 0.133594 0.068056
0 0.784766 0.426389 0.208594 0.072222
0 0.795312 0.154861 0.214062 0.084722
0 0.353906 0.204861 0.134375 0.070833
0 0.354687 0.406250 0.146875 0.059722
0 0.398828 0.625000 0.052344 0.063889
0 0.402344 0.859722 0.064062 0.061111
0 0.450000 0.735417 0.028125 0.045833
0 0.663672 0.816667 0.047656 0.058333
0 0.643750 0.705556 0.040625 0.047222
0 0.718750 0.204167 0.137500 0.058333
0 0.720703 0.393750 0.147656 0.048611
0 0.688672 0.535417 0.094531 0.040278
