0 0.863672 0.918056 0.167969 0.077778
0 0.789062 0.766667 0.153125 0.058333
0 0.722266 0.679861 0.121094 0.043056
0 0.680078 0.627778 0.097656 0.038889
0 0.653516 0.594444 0.085156 0.036111
0 0.237109 0.627778 0.282031 0.102778
0 0.358984 0.540972 0.180469 0.056944
0 0.231250 0.202083 0.282813 0.123611
0 0.791797 0.534722 0.153906 0.069444
0 0.885547 0.594444 0.213281 0.088889
0 0.717969 0.501389 0.106250 0.050000
0 0.626563 0.566667 0.078125 0.036111
0 0.676172 0.865972 0.030469 0.048611
0 0.649219 0.786111 0.032813 0.047222
0 0.357422 0.281250 0.175781 0.081944
0 0.721875 0.336806 0.114062 0.051389
0 0.407422 0.502083 0.132031 0.037500
0 0.623828 0.722222 0.027344 0.033333
0 0.608984 0.675694 0.036719 0.029167
