0 0.893750 0.725694 0.212500 0.129167
0 0.891016 0.213194 0.217969 0.159722
0 0.778516 0.615278 0.202344 0.083333
0 0.780078 0.335417 0.208594 0.090278
0 0.216797 0.656944 0.227344 0.088889
0 0.206250 0.337500 0.239063 0.111111
0 0.324219 0.596528 0.153125 0.054167
0 0.777734 0.936806 0.205469 0.090278
0 0.697656 0.788889 0.139063 0.063889
0 0.692578 0.388889 0.127344 0.055556
0 0.653906 0.586111 0.050000 0.050000
0 0.665234 0.721528 0.091406 0.037500
0 0.323437 0.382639 0.145313 0.070833
0 0.376563 0.848611 0.043750 0.058333
0 0.086328 0.197222 0.171094 0.163889
0 0.080469 0.772917 0.159375 0.176389
