0 0.856641 0.704167 0.286719 0.127778
0 0.848828 0.299306 0.277344 0.140278
0 0.096094 0.334028 0.182812 0.151389
0 0.101953 0.820833 0.202344 0.113889
0 0.233203 0.694444 0.214844 0.097222
0 0.233594 0.420139 0.195312 0.101389
0 0.703125 0.399306 0.151562 0.059722
0 0.720313 0.639583 0.173437 0.076389
0 0.722656 0.911111 0.168750 0.072222
0 0.661719 0.805556 0.120313 0.063889
0 0.625000 0.743750 0.095312 0.040278
0 0.314844 0.661111 0.143750 0.063889
0 0.598828 0.912500 0.039844 0.050000
0 0.420703 0.886111 0.044531 0.041667
0 0.581250 0.844444 0.034375 0.036111
0 0.434375 0.830556 0.034375 0.038889
0 0.608984 0.704861 0.089844 0.031944
0 0.399219 0.789583 0.042188 0.040278
