0 0.864453 0.642361 0.271094 0.093056
0 0.857031 0.304167 0.237500 0.094444
0 0.186719 0.663194 0.278125 0.098611
0 0.321875 0.607639 0.181250 0.093056
0 0.182422 0.281944 0.283594 0.119444
0 0.741016 0.822222 0.150781 0.058333
0 0.699609 0.728472 0.127344 0.034722
0 0.669531 0.678472 0.096875 0.034722
0 0.659375 0.924306 0.053125 0.048611
0 0.638672 0.827083 0.044531 0.043056
0 0.625391 0.768750 0.030469 0.034722
0 0.456250 0.861806 0.040625 0.043056
0 0.476953 0.799306 0.035156 0.026389
0 0.391797 0.856944 0.044531 0.061111
0 0.429688 0.757639 0.039062 0.045833
0 0.452734 0.692361 0.042969 0.043056
0 0.472656 0.658333 0.039062 0.038889
0 0.380469 0.550694 0.140625 0.048611
0 0.746484 0.579861 0.169531 0.062500
0 0.728125 0.381944 0.106250 0.075000
0 0.651563 0.638194 0.087500 0.029167
