0 0.785156 0.905556 0.179688 0.075000
0 0.901563 0.723611 0.196875 0.108333
0 0.800391 0.595833 0.208594 0.077778
0 0.235937 0.616667 0.226562 0.141667
0 0.075000 0.746528 0.142187 0.134722
0 0.439063 0.900000 0.045312 0.050000
0 0.468359 0.809028 0.035156 0.043056
0 0.653125 0.865278 0.043750 0.044444
0 0.638672 0.793750 0.036719 0.031944
0 0.725391 0.755556 0.141406 0.050000
0 0.691797 0.688889 0.113281 0.044444
0 0.440234 0.704861 0.050781 0.043056
0 0.351953 0.542361 0.153906 0.065278
0 0.348047 0.347917 0.167969 0.073611
0 0.249219 0.275694 0.209375 0.093056
0 0.670312 0.638889 0.092188 0.033333
0 0.463281 0.654861 0.048438 0.048611
0 0.627734 0.736806 0.028906 0.031944
0 0.486328 0.745833 0.030469 0.041667
0 0.727344 0.543056 0.134375 0.047222
0 0.660547 0.611806 0.086719 0.037500
