0 0.791797 0.845833 0.169531 0.055556
0 0.890234 0.665278 0.219531 0.097222
0 0.803516 0.575694 0.192969 0.065278
0 0.740234 0.741667 0.136719 0.050000
0 0.475000 0.880556 0.059375 0.055556
0 0.702734 0.946528 0.069531 0.062500
0 0.675000 0.850694 0.042188 0.048611
0 0.706641 0.682639 0.110156 0.040278
0 0.687500 0.640278 0.090625 0.036111
0 0.501953 0.798611 0.025781 0.036111
0 0.439063 0.772222 0.064062 0.058333
0 0.474219 0.704167 0.048438 0.044444
0 0.497266 0.648611 0.035156 0.044444
0 0.148047 0.713194 0.282031 0.176389
0 0.310547 0.584028 0.216406 0.073611
0 0.398828 0.541667 0.144531 0.061111
0 0.315234 0.327778 0.203906 0.094444
0 0.739844 0.543056 0.131250 0.044444
0 0.419141 0.350694 0.099219 0.065278
0 0.162109 0.234722 0.267969 0.130556
0 0.875000 0.286806 0.162500 0.145833
