0 0.764844 0.820833 0.168750 0.038889
0 0.719922 0.727778 0.125781 0.047222
0 0.223828 0.620833 0.271094 0.111111
0 0.238672 0.265278 0.266406 0.136111
0 0.361328 0.557639 0.167969 0.079167
0 0.868359 0.631250 0.250781 0.079167
0 0.690234 0.677083 0.096094 0.037500
0 0.448437 0.952083 0.053125 0.056944
0 0.676172 0.922222 0.049219 0.044444
0 0.481250 0.848611 0.032813 0.044444
0 0.404297 0.839583 0.071094 0.079167
0 0.451562 0.744444 0.051562 0.061111
0 0.641797 0.770139 0.028906 0.034722
0 0.480078 0.679167 0.035156 0.047222
0 0.384766 0.320139 0.119531 0.062500
0 0.765234 0.579861 0.153906 0.051389
0 0.672266 0.641667 0.089844 0.030556
0 0.849219 0.332639 0.192188 0.101389
0 0.721484 0.550000 0.119531 0.041667
0 0.654297 0.833333 0.030469 0.038889
0 0.696875 0.403472 0.103125 0.054167
