0 0.791797 0.886111 0.197656 0.061111
0 0.885547 0.691667 0.200781 0.100000
0 0.792188 0.597222 0.190625 0.077778
0 0.722656 0.768750 0.134375 0.048611
0 0.691016 0.704167 0.110156 0.047222
0 0.350781 0.952083 0.084375 0.087500
0 0.419141 0.808333 0.064844 0.063889
0 0.124219 0.719444 0.246875 0.147222
0 0.292187 0.594444 0.196875 0.091667
0 0.300000 0.300000 0.190625 0.091667
0 0.668359 0.656944 0.097656 0.036111
0 0.648828 0.879861 0.033594 0.043056
0 0.450000 0.900694 0.050000 0.048611
0 0.629297 0.800000 0.019531 0.036111
0 0.450000 0.714583 0.051562 0.054167
0 0.375000 0.556944 0.140625 0.063889
0 0.796875 0.331250 0.187500 0.081944
0 0.730469 0.556250 0.146875 0.051389
0 0.482422 0.810417 0.030469 0.056944
0 0.472656 0.672222 0.037500 0.036111
0 0.422656 0.534722 0.103125 0.052778
0 0.417187 0.381944 0.118750 0.050000
0 0.726172 0.372222 0.125781 0.055556
