0 0.789453 0.808333 0.167969 0.061111
0 0.882422 0.617361 0.233594 0.087500
0 0.233984 0.638889 0.267969 0.113889
0 0.227344 0.245139 0.279687 0.126389
0 0.360547 0.329167 0.175781 0.086111
0 0.367969 0.564583 0.164062 0.079167
0 0.408594 0.861806 0.092188 0.081944
0 0.461719 0.952083 0.051562 0.059722
0 0.684766 0.921528 0.033594 0.043056
0 0.733984 0.722222 0.127344 0.044444
0 0.696875 0.664583 0.093750 0.034722
0 0.790234 0.560417 0.175781 0.059722
0 0.732031 0.531944 0.123438 0.047222
0 0.875000 0.274306 0.215625 0.112500
0 0.736719 0.333333 0.064062 0.066667
0 0.460547 0.737500 0.057031 0.047222
0 0.492578 0.847917 0.033594 0.029167
0 0.665234 0.823611 0.032031 0.036111
0 0.645703 0.755556 0.022656 0.033333
0 0.733203 0.371528 0.121094 0.059722
0 0.678516 0.631250 0.089844 0.026389
0 0.504297 0.772222 0.028906 0.030556
