0 0.810937 0.878472 0.206250 0.048611
0 0.742969 0.757639 0.140625 0.043056
0 0.897266 0.676389 0.205469 0.086111
0 0.818750 0.586111 0.204687 0.058333
0 0.834375 0.310417 0.225000 0.076389
0 0.129688 0.652778 0.257812 0.163889
0 0.132812 0.127778 0.264062 0.155556
0 0.354297 0.910417 0.102344 0.098611
0 0.312500 0.565972 0.196875 0.101389
0 0.314844 0.274306 0.209375 0.087500
0 0.710938 0.679167 0.118750 0.047222
0 0.754687 0.543750 0.150000 0.048611
0 0.472656 0.867361 0.040625 0.048611
0 0.664062 0.856250 0.034375 0.040278
0 0.398438 0.525694 0.145313 0.068056
0 0.405469 0.329861 0.134375 0.070833
0 0.752734 0.353472 0.144531 0.068056
0 0.437109 0.750694 0.057031 0.065278
0 0.684375 0.640972 0.092188 0.031944
