0 0.867969 0.884722 0.246875 0.077778
0 0.869141 0.542361 0.241406 0.093056
0 0.869531 0.213889 0.237500 0.097222
0 0.258984 0.562500 0.249219 0.094444
0 0.260156 0.206944 0.243750 0.111111
0 0.369922 0.500000 0.171094 0.063889
0 0.366797 0.275000 0.164844 0.075000
0 0.415625 0.317361 0.137500 0.059722
0 0.773047 0.727778 0.163281 0.066667
0 0.723828 0.643056 0.124219 0.050000
0 0.425000 0.761111 0.060937 0.069444
0 0.463281 0.669444 0.045312 0.061111
0 0.682422 0.834028 0.044531 0.051389
0 0.475000 0.857639 0.034375 0.051389
0 0.774219 0.491667 0.162500 0.055556
0 0.771484 0.279167 0.160156 0.080556
0 0.690625 0.595139 0.101562 0.040278
0 0.725000 0.307639 0.120313 0.045833
0 0.427344 0.467361 0.120313 0.048611
