0 0.857422 0.812500 0.182031 0.077778
0 0.764844 0.703472 0.126562 0.054167
0 0.870703 0.546528 0.192969 0.076389
0 0.717969 0.638889 0.106250 0.047222
0 0.683984 0.604167 0.092969 0.038889
0 0.172266 0.717361 0.324219 0.140278
0 0.344141 0.577083 0.210156 0.079167
0 0.335938 0.259722 0.218750 0.091667
0 0.407031 0.520139 0.148438 0.051389
0 0.717969 0.917361 0.031250 0.048611
0 0.655469 0.745833 0.029687 0.041667
0 0.753906 0.323611 0.110937 0.058333
0 0.770312 0.504861 0.139063 0.059722
0 0.714844 0.483333 0.103125 0.050000
0 0.411328 0.322222 0.141406 0.077778
