0 0.879297 0.506944 0.241406 0.097222
0 0.879297 0.940972 0.241406 0.095833
0 0.774609 0.715972 0.194531 0.081944
0 0.134375 0.584028 0.267188 0.148611
0 0.128125 0.088194 0.254688 0.168056
0 0.279297 0.477083 0.211719 0.084722
0 0.279297 0.215972 0.202344 0.123611
0 0.352734 0.779861 0.082031 0.090278
0 0.706250 0.615278 0.132812 0.052778
0 0.772266 0.451389 0.194531 0.069444
0 0.877344 0.074306 0.245312 0.137500
0 0.766406 0.182639 0.187500 0.087500
0 0.698828 0.231250 0.127344 0.056944
0 0.703516 0.414583 0.138281 0.059722
0 0.370703 0.435417 0.141406 0.051389
0 0.358984 0.254167 0.152344 0.083333
0 0.664453 0.825694 0.047656 0.048611
0 0.451562 0.763889 0.039062 0.038889
0 0.631641 0.726389 0.030469 0.038889
0 0.447656 0.584722 0.035937 0.038889
0 0.673438 0.554861 0.107813 0.045833
