0 0.900391 0.850000 0.199219 0.086111
0 0.818359 0.660417 0.186719 0.054167
0 0.903906 0.469444 0.192188 0.094444
0 0.818359 0.417361 0.183594 0.062500
0 0.904687 0.102083 0.190625 0.123611
0 0.819531 0.182639 0.184375 0.079167
0 0.268750 0.495833 0.278125 0.105556
0 0.256641 0.112500 0.289844 0.155556
0 0.361719 0.923611 0.115625 0.116667
0 0.752344 0.916667 0.059375 0.069444
0 0.504687 0.814583 0.028125 0.043056
0 0.493359 0.609722 0.050781 0.044444
0 0.380859 0.430556 0.191406 0.077778
0 0.380469 0.207639 0.193750 0.093056
0 0.751953 0.578472 0.128906 0.054167
0 0.721875 0.527778 0.098437 0.050000
0 0.442578 0.711806 0.077344 0.059722
0 0.701172 0.768750 0.030469 0.045833
0 0.518750 0.708333 0.020313 0.033333
