0 0.840234 0.797917 0.247656 0.079167
0 0.836719 0.475000 0.240625 0.083333
0 0.848828 0.169444 0.252344 0.105556
0 0.259375 0.495833 0.246875 0.094444
0 0.244922 0.179167 0.263281 0.138889
0 0.101562 0.651389 0.201563 0.183333
0 0.339453 0.872917 0.097656 0.098611
0 0.417969 0.693056 0.046875 0.080556
0 0.737500 0.659722 0.154688 0.063889
0 0.689453 0.584722 0.105469 0.052778
0 0.655078 0.776389 0.036719 0.044444
0 0.678125 0.890972 0.035937 0.059722
0 0.353516 0.441667 0.172656 0.066667
0 0.739844 0.429861 0.154688 0.073611
0 0.454297 0.606250 0.041406 0.048611
0 0.735156 0.221528 0.145313 0.059722
0 0.361328 0.214583 0.152344 0.076389
0 0.454297 0.797222 0.033594 0.044444
0 0.423828 0.954861 0.039844 0.062500
0 0.639062 0.681944 0.031250 0.044444
0 0.623437 0.627083 0.026562 0.037500
0 0.616797 0.585417 0.030469 0.031944
0 0.473438 0.703472 0.034375 0.048611
0 0.495703 0.604167 0.027344 0.033333
0 0.673047 0.531250 0.100781 0.031944
0 0.645703 0.499306 0.071094 0.034722
