0 0.572656 0.788542 0.642188 0.193750
0 0.535937 0.648958 0.159375 0.052083
0 0.531250 0.519792 0.193750 0.068750
0 0.528125 0.410417 0.193750 0.058333
0 0.381250 0.503125 0.071875 0.027083
0 0.482031 0.589583 0.095312 0.037500
0 0.462500 0.361458 0.109375 0.043750
0 0.472656 0.442708 0.117188 0.039583
0 0.124219 0.543750 0.126562 0.058333
0 0.103125 0.428125 0.150000 0.056250
0 0.163281 0.677083 0.120313 0.045833
0 0.193750 0.790625 0.081250 0.039583
0 0.367188 0.404167 0.059375 0.029167
0 0.369531 0.360417 0.076563 0.029167
