0 0.895703 0.745139 0.191406 0.101389
0 0.900391 0.335417 0.194531 0.120833
0 0.197656 0.299306 0.315625 0.137500
0 0.207813 0.761806 0.300000 0.134722
0 0.366406 0.652778 0.184375 0.066667
0 0.363672 0.385417 0.186719 0.087500
0 0.821094 0.935417 0.189062 0.076389
0 0.750391 0.804167 0.124219 0.061111
0 0.819531 0.652083 0.189062 0.076389
0 0.823047 0.400000 0.194531 0.075000
0 0.418750 0.605556 0.142187 0.052778
0 0.717578 0.736806 0.096094 0.045833
0 0.512500 0.860417 0.043750 0.043056
0 0.525000 0.801389 0.034375 0.038889
0 0.532422 0.761806 0.033594 0.031944
0 0.699609 0.694444 0.086719 0.033333
0 0.524219 0.674306 0.037500 0.034722
0 0.762500 0.604861 0.145313 0.043056
