0 0.875781 0.725694 0.232813 0.090278
0 0.883203 0.367361 0.233594 0.104167
0 0.249219 0.717361 0.281250 0.109722
0 0.255859 0.343056 0.266406 0.116667
0 0.778516 0.899306 0.169531 0.051389
0 0.723828 0.806944 0.121094 0.038889
0 0.692187 0.756250 0.093750 0.034722
0 0.777734 0.654861 0.177344 0.059722
0 0.482812 0.940972 0.048438 0.054167
0 0.662109 0.915278 0.039844 0.047222
0 0.496484 0.872222 0.042969 0.041667
0 0.359766 0.650694 0.174219 0.065278
0 0.342187 0.435417 0.212500 0.070833
0 0.479687 0.769444 0.048438 0.044444
0 0.650391 0.847222 0.036719 0.033333
0 0.509766 0.818056 0.028906 0.033333
0 0.787500 0.434722 0.187500 0.063889
0 0.674219 0.719444 0.081250 0.033333
