0 0.912891 0.783333 0.172656 0.141667
0 0.788672 0.620833 0.200781 0.083333
0 0.634766 0.913889 0.052344 0.055556
0 0.715625 0.804861 0.157812 0.054167
0 0.796094 0.956944 0.223438 0.086111
0 0.440234 0.855556 0.050781 0.055556
0 0.457031 0.788194 0.035937 0.037500
0 0.616406 0.829861 0.037500 0.040278
0 0.672266 0.732639 0.124219 0.040278
0 0.646094 0.685417 0.096875 0.034722
0 0.227734 0.624306 0.249219 0.134722
0 0.416016 0.745139 0.052344 0.048611
0 0.441406 0.692361 0.050000 0.045833
0 0.459766 0.652778 0.036719 0.036111
0 0.414453 0.942361 0.067969 0.070833
0 0.633984 0.649306 0.083594 0.034722
0 0.328906 0.568750 0.159375 0.062500
0 0.787109 0.329861 0.200781 0.084722
