0 0.721484 0.843750 0.142969 0.065278
0 0.433594 0.967361 0.057813 0.056944
0 0.399609 0.862500 0.066406 0.080556
0 0.461719 0.884028 0.037500 0.043056
0 0.438281 0.774306 0.054688 0.054167
0 0.462891 0.724306 0.047656 0.040278
0 0.645703 0.943056 0.046094 0.036111
0 0.625781 0.869444 0.031250 0.030556
0 0.616016 0.813194 0.030469 0.029167
0 0.682422 0.766667 0.108594 0.033333
0 0.660156 0.719444 0.093750 0.033333
0 0.890234 0.791667 0.219531 0.097222
0 0.787500 0.675694 0.195312 0.070833
0 0.723047 0.632639 0.138281 0.045833
0 0.644141 0.688889 0.080469 0.033333
0 0.105859 0.779861 0.210156 0.170833
0 0.268359 0.645833 0.222656 0.102778
0 0.362891 0.609722 0.155469 0.063889
0 0.487891 0.787500 0.017969 0.027778
0 0.442188 0.440278 0.096875 0.044444
0 0.687109 0.597917 0.110156 0.031944
