0 0.767188 0.898611 0.184375 0.052778
0 0.706250 0.788889 0.139063 0.041667
0 0.868359 0.703472 0.230469 0.098611
0 0.441016 0.916667 0.044531 0.050000
0 0.660547 0.980556 0.053906 0.038889
0 0.637500 0.895833 0.043750 0.041667
0 0.619141 0.822917 0.032031 0.037500
0 0.675000 0.725694 0.109375 0.045833
0 0.773438 0.627083 0.182812 0.059722
0 0.154297 0.674306 0.269531 0.137500
0 0.355078 0.943056 0.088281 0.091667
0 0.412500 0.802778 0.067187 0.066667
0 0.445312 0.734722 0.051562 0.044444
0 0.310156 0.604861 0.179688 0.090278
0 0.648047 0.690972 0.089844 0.026389
0 0.635547 0.661111 0.077344 0.030556
0 0.711328 0.593056 0.133594 0.038889
0 0.771094 0.384028 0.165625 0.081944
0 0.678125 0.570833 0.109375 0.036111
0 0.455469 0.688889 0.056250 0.030556
0 0.475000 0.790972 0.025000 0.037500
