0 0.748047 0.806944 0.177344 0.063889
0 0.851562 0.629167 0.253125 0.097222
0 0.355469 0.856250 0.106250 0.073611
0 0.190234 0.634722 0.260156 0.111111
0 0.317969 0.563889 0.181250 0.075000
0 0.319922 0.302778 0.171094 0.080556
0 0.407813 0.741667 0.082812 0.055556
0 0.700781 0.717361 0.134375 0.056944
0 0.666406 0.662500 0.112500 0.041667
0 0.419141 0.963194 0.060156 0.054167
0 0.631250 0.820833 0.039062 0.050000
0 0.654687 0.915278 0.048438 0.038889
0 0.460156 0.789583 0.031250 0.034722
0 0.641406 0.633333 0.087500 0.041667
0 0.744531 0.561806 0.164062 0.056944
0 0.695703 0.531944 0.124219 0.047222
0 0.164844 0.192361 0.317188 0.154167
0 0.378516 0.340278 0.141406 0.063889
0 0.383984 0.535417 0.128906 0.059722
0 0.742188 0.334722 0.159375 0.069444
0 0.696094 0.366667 0.123438 0.044444
