0 0.894141 0.926389 0.208594 0.091667
0 0.788672 0.769444 0.160156 0.063889
0 0.894922 0.596528 0.210156 0.104167
0 0.794531 0.536111 0.164062 0.075000
0 0.728516 0.687500 0.113281 0.052778
0 0.230469 0.644444 0.295312 0.091667
0 0.366797 0.552778 0.192969 0.044444
0 0.369922 0.312500 0.166406 0.072222
0 0.228516 0.217361 0.275781 0.118056
0 0.696094 0.635417 0.104688 0.040278
0 0.728906 0.508333 0.121875 0.047222
0 0.782813 0.321528 0.139063 0.059722
0 0.417578 0.827778 0.088281 0.069444
0 0.698047 0.881944 0.053906 0.044444
0 0.665234 0.789583 0.046094 0.045833
0 0.473047 0.820139 0.030469 0.037500
0 0.457422 0.711806 0.032031 0.048611
0 0.394531 0.518056 0.146875 0.052778
0 0.729688 0.345139 0.120313 0.051389
0 0.640625 0.729861 0.043750 0.034722
0 0.472266 0.748611 0.036719 0.033333
