0 0.819141 0.886806 0.241406 0.090278
0 0.381250 0.759028 0.082812 0.062500
0 0.225781 0.550000 0.245312 0.105556
0 0.228906 0.163889 0.254688 0.122222
0 0.341016 0.500000 0.171094 0.069444
0 0.733984 0.736111 0.157031 0.069444
0 0.822266 0.556944 0.221094 0.097222
0 0.448047 0.781250 0.032031 0.040278
0 0.641797 0.843056 0.036719 0.050000
0 0.620313 0.764583 0.026562 0.040278
0 0.684375 0.651389 0.114062 0.055556
0 0.662891 0.609722 0.102344 0.041667
0 0.748047 0.508333 0.174219 0.061111
0 0.835156 0.250000 0.232813 0.100000
0 0.740234 0.289583 0.150781 0.070833
0 0.695312 0.479861 0.129688 0.045833
0 0.448047 0.606250 0.033594 0.045833
0 0.463672 0.711806 0.024219 0.031944
0 0.345313 0.247222 0.164062 0.077778
0 0.392578 0.306944 0.125781 0.061111
0 0.395313 0.466667 0.117188 0.061111
0 0.635938 0.566667 0.089063 0.036111
