0 0.789844 0.902083 0.218750 0.059722
0 0.898438 0.692361 0.203125 0.098611
0 0.710156 0.761111 0.150000 0.047222
0 0.809766 0.581250 0.225781 0.081944
0 0.289062 0.941667 0.110937 0.097222
0 0.231641 0.560417 0.242969 0.126389
0 0.243750 0.192361 0.239063 0.126389
0 0.336328 0.511111 0.163281 0.075000
0 0.337109 0.288889 0.171094 0.102778
0 0.419531 0.689583 0.043750 0.059722
0 0.671484 0.693056 0.116406 0.047222
0 0.639844 0.636806 0.087500 0.026389
0 0.723828 0.542361 0.161719 0.043056
0 0.816797 0.290972 0.230469 0.081944
0 0.727344 0.327778 0.157812 0.072222
0 0.681250 0.514583 0.120313 0.037500
0 0.417578 0.898611 0.039844 0.047222
0 0.439453 0.801389 0.025781 0.047222
0 0.626563 0.875694 0.031250 0.048611
0 0.605469 0.783333 0.032813 0.036111
0 0.650000 0.979167 0.040625 0.041667
0 0.453516 0.728472 0.027344 0.031944
0 0.387500 0.316667 0.128125 0.061111
0 0.679297 0.352778 0.100781 0.055556
