0 0.779297 0.836111 0.211719 0.077778
0 0.889453 0.642361 0.221094 0.118056
0 0.705078 0.716667 0.141406 0.075000
0 0.781641 0.538889 0.211719 0.077778
0 0.788672 0.254861 0.213281 0.084722
0 0.892969 0.153472 0.214062 0.156944
0 0.089453 0.714583 0.177344 0.187500
0 0.240234 0.540278 0.233594 0.113889
0 0.232031 0.223611 0.248438 0.136111
0 0.383203 0.740972 0.052344 0.070833
0 0.420703 0.659722 0.025781 0.058333
0 0.659375 0.635417 0.114062 0.043056
0 0.650000 0.953472 0.032813 0.065278
0 0.623047 0.812500 0.039844 0.038889
0 0.605469 0.733333 0.031250 0.038889
0 0.422656 0.854861 0.035937 0.045833
0 0.441797 0.755556 0.030469 0.038889
0 0.712109 0.493056 0.155469 0.063889
0 0.335938 0.491667 0.168750 0.063889
0 0.333984 0.261111 0.166406 0.072222
0 0.707031 0.291667 0.139063 0.069444
0 0.637500 0.585417 0.090625 0.040278
0 0.669531 0.463194 0.123438 0.040278
0 0.464062 0.646528 0.031250 0.031944
0 0.453516 0.697222 0.028906 0.033333
