0 0.760156 0.825694 0.187500 0.079167
0 0.876172 0.623611 0.246094 0.102778
0 0.769141 0.539583 0.197656 0.068056
0 0.880078 0.198611 0.239844 0.125000
0 0.775391 0.269444 0.202344 0.077778
0 0.121875 0.641667 0.242188 0.158333
0 0.258594 0.521528 0.234375 0.098611
0 0.260937 0.217361 0.223438 0.090278
0 0.121875 0.113194 0.242188 0.223611
0 0.332031 0.863889 0.065625 0.075000
0 0.683594 0.695833 0.135937 0.044444
0 0.654687 0.625000 0.107813 0.038889
0 0.386328 0.724306 0.036719 0.068056
0 0.422266 0.641667 0.033594 0.050000
0 0.635547 0.909028 0.044531 0.051389
0 0.616016 0.796528 0.038281 0.045833
0 0.423438 0.825000 0.028125 0.047222
0 0.696094 0.487500 0.148438 0.055556
0 0.694141 0.306944 0.135156 0.055556
0 0.335938 0.486806 0.151562 0.056944
0 0.343750 0.278472 0.148438 0.065278
0 0.450000 0.682639 0.039062 0.029167
0 0.591016 0.663889 0.025781 0.030556
0 0.601953 0.714583 0.028906 0.040278
0 0.388672 0.967361 0.046094 0.054167
0 0.641406 0.579167 0.090625 0.036111
