0 0.879297 0.613889 0.241406 0.108333
0 0.885547 0.204861 0.228906 0.118056
0 0.762500 0.520833 0.185938 0.072222
0 0.753516 0.790278 0.180469 0.066667
0 0.144922 0.601389 0.288281 0.155556
0 0.147266 0.113194 0.292969 0.170833
0 0.287891 0.522222 0.200781 0.094444
0 0.293750 0.240278 0.201563 0.091667
0 0.353125 0.850000 0.057813 0.088889
0 0.650391 0.900000 0.049219 0.033333
0 0.410938 0.929861 0.050000 0.065278
0 0.696094 0.686806 0.129688 0.037500
0 0.438281 0.829861 0.043750 0.043056
0 0.416797 0.706944 0.049219 0.050000
0 0.371094 0.477083 0.139063 0.054167
0 0.761719 0.281944 0.176563 0.080556
0 0.680469 0.623611 0.112500 0.038889
0 0.637500 0.775000 0.039062 0.036111
0 0.619922 0.716667 0.030469 0.041667
0 0.455859 0.734722 0.039844 0.038889
0 0.471094 0.680556 0.025000 0.033333
0 0.378125 0.290972 0.132812 0.056944
0 0.651172 0.580556 0.082031 0.033333
0 0.436328 0.645833 0.044531 0.044444
0 0.455469 0.587500 0.043750 0.044444
0 0.607812 0.668056 0.031250 0.030556
0 0.479687 0.644444 0.026562 0.027778
