0 0.829297 0.936806 0.242969 0.090278
0 0.845703 0.547917 0.272656 0.098611
0 0.851172 0.199306 0.278906 0.109722
0 0.144922 0.592361 0.288281 0.131944
0 0.142969 0.158333 0.284375 0.136111
0 0.363281 0.788194 0.059375 0.079167
0 0.734375 0.739583 0.164062 0.056944
0 0.701953 0.638194 0.136719 0.048611
0 0.410938 0.909028 0.054688 0.062500
0 0.653125 0.834028 0.050000 0.065278
0 0.438281 0.786806 0.050000 0.051389
0 0.632422 0.744444 0.047656 0.047222
0 0.609766 0.682639 0.035156 0.051389
0 0.453906 0.711806 0.035937 0.048611
0 0.465625 0.661111 0.032813 0.027778
0 0.303516 0.504861 0.182031 0.065278
0 0.297656 0.253472 0.189062 0.073611
0 0.733984 0.487500 0.166406 0.063889
0 0.663281 0.587500 0.100000 0.036111
0 0.640625 0.551389 0.085938 0.038889
0 0.435547 0.613194 0.047656 0.040278
0 0.733203 0.261111 0.158594 0.072222
0 0.380078 0.475000 0.102344 0.050000
