0 0.803516 0.856944 0.228906 0.077778
0 0.924609 0.666667 0.150781 0.147222
0 0.818359 0.516667 0.250781 0.086111
0 0.812109 0.200694 0.230469 0.079167
0 0.196875 0.541667 0.248438 0.088889
0 0.189844 0.167361 0.271875 0.104167
0 0.354297 0.780556 0.057031 0.055556
0 0.399219 0.870833 0.054688 0.058333
0 0.428125 0.764583 0.042188 0.045833
0 0.396875 0.656250 0.067187 0.059722
0 0.296484 0.488194 0.180469 0.070833
0 0.720313 0.692361 0.146875 0.059722
0 0.671875 0.620833 0.114062 0.047222
0 0.642578 0.572917 0.091406 0.031944
0 0.624609 0.537500 0.086719 0.030556
0 0.293750 0.263889 0.184375 0.075000
0 0.448047 0.690278 0.027344 0.044444
0 0.424609 0.593750 0.049219 0.043056
0 0.446484 0.548611 0.033594 0.038889
0 0.613281 0.715972 0.031250 0.040278
0 0.596875 0.663889 0.025000 0.022222
0 0.583594 0.624306 0.028125 0.029167
0 0.635547 0.800000 0.041406 0.036111
0 0.356250 0.451389 0.137500 0.050000
