0 0.897656 0.685417 0.204687 0.134722
0 0.700391 0.744444 0.141406 0.055556
0 0.758984 0.877778 0.132031 0.077778
0 0.661328 0.677778 0.113281 0.050000
0 0.629687 0.629861 0.089063 0.034722
0 0.611328 0.602778 0.083594 0.030556
0 0.425000 0.822222 0.040625 0.047222
0 0.447656 0.761111 0.020313 0.025000
0 0.453906 0.703472 0.032813 0.031944
0 0.394531 0.715278 0.056250 0.055556
0 0.358984 0.822917 0.069531 0.056944
0 0.161719 0.619444 0.282813 0.113889
0 0.292969 0.559722 0.184375 0.058333
0 0.789062 0.581250 0.212500 0.068056
0 0.417578 0.656250 0.049219 0.045833
0 0.360938 0.522917 0.117188 0.045833
0 0.194141 0.301389 0.216406 0.108333
0 0.335938 0.326389 0.095312 0.105556
0 0.390625 0.495833 0.100000 0.038889
0 0.700781 0.533333 0.134375 0.050000
0 0.600781 0.579861 0.078125 0.029167
