0 0.786328 0.909722 0.202344 0.052778
0 0.710547 0.780556 0.136719 0.047222
0 0.365234 0.829861 0.072656 0.073611
0 0.420703 0.949306 0.044531 0.048611
0 0.634375 0.890972 0.034375 0.043056
0 0.616797 0.819444 0.033594 0.036111
0 0.604297 0.765972 0.028906 0.029167
0 0.467578 0.788194 0.022656 0.026389
0 0.415234 0.738889 0.050781 0.047222
0 0.672656 0.712500 0.114062 0.038889
0 0.644922 0.672222 0.088281 0.036111
0 0.787109 0.603472 0.197656 0.070833
0 0.221875 0.624306 0.225000 0.104167
0 0.325000 0.579861 0.160938 0.076389
0 0.221875 0.319444 0.225000 0.111111
0 0.379688 0.549306 0.121875 0.048611
0 0.420312 0.536806 0.096875 0.043056
0 0.411328 0.402778 0.108594 0.038889
0 0.714063 0.565278 0.143750 0.050000
0 0.676172 0.397222 0.125781 0.047222
