0 0.753516 0.860417 0.177344 0.076389
0 0.879297 0.665972 0.235156 0.115278
0 0.753125 0.579861 0.187500 0.079167
0 0.685547 0.750694 0.133594 0.054167
0 0.423438 0.918750 0.039062 0.051389
0 0.442578 0.822222 0.025781 0.050000
0 0.618750 0.860417 0.037500 0.051389
0 0.597656 0.785417 0.025000 0.048611
0 0.649219 0.689583 0.107813 0.051389
0 0.627734 0.653472 0.091406 0.051389
0 0.412500 0.731250 0.043750 0.040278
0 0.217578 0.622917 0.217969 0.079167
0 0.216016 0.293750 0.213281 0.095833
0 0.316406 0.565972 0.157812 0.062500
0 0.316797 0.344444 0.163281 0.072222
0 0.376953 0.536806 0.114844 0.040278
0 0.691797 0.550000 0.144531 0.055556
0 0.687891 0.359722 0.142969 0.055556
0 0.653906 0.525000 0.115625 0.036111
0 0.366406 0.808333 0.067187 0.069444
0 0.438672 0.675000 0.030469 0.041667
0 0.374219 0.372222 0.106250 0.055556
0 0.398828 0.386111 0.105469 0.044444
0 0.649609 0.380556 0.113281 0.050000
0 0.624609 0.394444 0.097656 0.033333
