0 0.830078 0.838889 0.192969 0.077778
0 0.925391 0.670139 0.149219 0.115278
0 0.821484 0.568750 0.174219 0.073611
0 0.748047 0.734722 0.132031 0.050000
0 0.703125 0.671528 0.112500 0.048611
0 0.699609 0.956944 0.035156 0.047222
0 0.669531 0.845833 0.042188 0.044444
0 0.639453 0.770139 0.036719 0.045833
0 0.390625 0.928472 0.082812 0.090278
0 0.456250 0.879861 0.048438 0.040278
0 0.325000 0.594444 0.215625 0.066667
0 0.325391 0.309722 0.200781 0.086111
0 0.823828 0.318750 0.180469 0.070833
0 0.754297 0.534028 0.142969 0.056944
0 0.670312 0.627083 0.096875 0.037500
0 0.436719 0.775694 0.043750 0.048611
0 0.146094 0.736111 0.273438 0.136111
0 0.372656 0.548611 0.157812 0.063889
0 0.410156 0.524306 0.114062 0.045833
0 0.403125 0.337500 0.092188 0.058333
0 0.412891 0.361806 0.110156 0.048611
0 0.742969 0.350694 0.129688 0.054167
0 0.704297 0.365972 0.114844 0.043056
0 0.707031 0.507639 0.118750 0.045833
0 0.669531 0.379861 0.096875 0.043056
0 0.461719 0.792361 0.034375 0.034722
