0 0.866016 0.749306 0.260156 0.090278
0 0.865625 0.363889 0.259375 0.111111
0 0.742188 0.671528 0.173437 0.059722
0 0.741406 0.939583 0.170313 0.065278
0 0.249219 0.692361 0.206250 0.090278
0 0.249609 0.393056 0.199219 0.091667
0 0.098828 0.828472 0.196094 0.143056
0 0.375000 0.881250 0.071875 0.054167
0 0.416797 0.802778 0.053906 0.047222
0 0.683203 0.836806 0.133594 0.054167
0 0.648828 0.790278 0.099219 0.055556
0 0.616016 0.941667 0.028906 0.050000
0 0.633594 0.745139 0.087500 0.043056
0 0.685156 0.638194 0.135937 0.048611
0 0.650000 0.624306 0.104688 0.043056
0 0.743750 0.431250 0.184375 0.076389
0 0.680078 0.459722 0.127344 0.055556
0 0.644922 0.475000 0.097656 0.050000
0 0.335938 0.637500 0.148438 0.063889
0 0.341406 0.437500 0.142187 0.058333
0 0.391016 0.454861 0.103906 0.054167
0 0.388672 0.616667 0.103906 0.055556
0 0.418359 0.979167 0.046094 0.041667
0 0.457422 0.838889 0.033594 0.036111
0 0.443359 0.895833 0.030469 0.033333
0 0.446484 0.742361 0.038281 0.037500
