0 0.864844 0.769444 0.270313 0.097222
0 0.855469 0.404167 0.256250 0.116667
0 0.752734 0.696528 0.183594 0.065278
0 0.744531 0.958333 0.165625 0.066667
0 0.697266 0.873611 0.136719 0.058333
0 0.403516 0.895833 0.053906 0.063889
0 0.279687 0.688194 0.200000 0.084722
0 0.276953 0.411806 0.207031 0.093056
0 0.123828 0.797222 0.233594 0.136111
0 0.367578 0.642361 0.128906 0.070833
0 0.361328 0.443750 0.158594 0.065278
0 0.404297 0.627083 0.110156 0.054167
0 0.698047 0.667361 0.141406 0.043056
0 0.749609 0.459028 0.174219 0.079167
0 0.695312 0.491667 0.129688 0.052778
0 0.666797 0.807639 0.103906 0.037500
0 0.652344 0.760417 0.085938 0.037500
0 0.442578 0.811111 0.032031 0.036111
0 0.461719 0.759028 0.032813 0.037500
0 0.406250 0.481250 0.106250 0.048611
0 0.456641 0.910417 0.032031 0.037500
0 0.469531 0.859028 0.031250 0.031944
0 0.629687 0.956250 0.034375 0.048611
0 0.621094 0.895833 0.021875 0.027778
0 0.483594 0.815972 0.032813 0.031944
0 0.125000 0.289583 0.248438 0.151389
