0 0.834766 0.690972 0.250781 0.104167
0 0.847656 0.349306 0.279687 0.118056
0 0.730078 0.409722 0.160156 0.080556
0 0.737109 0.639583 0.180469 0.056944
0 0.728906 0.896528 0.173437 0.090278
0 0.686719 0.806250 0.129688 0.056944
0 0.348438 0.945139 0.064062 0.090278
0 0.135156 0.680556 0.260937 0.152778
0 0.138281 0.241667 0.275000 0.163889
0 0.292187 0.346528 0.193750 0.084722
0 0.289453 0.618750 0.189844 0.084722
0 0.359375 0.586806 0.140625 0.062500
0 0.657422 0.738889 0.099219 0.027778
0 0.688672 0.607639 0.128906 0.040278
0 0.403516 0.804861 0.044531 0.056944
0 0.437500 0.744444 0.032813 0.036111
0 0.435547 0.925000 0.035156 0.044444
0 0.450391 0.852778 0.036719 0.036111
0 0.624609 0.902778 0.030469 0.038889
0 0.642578 0.702083 0.082031 0.031944
0 0.362891 0.399306 0.139844 0.059722
0 0.687109 0.445139 0.122656 0.056944
0 0.467187 0.798611 0.035937 0.030556
0 0.479297 0.756250 0.024219 0.031944
