0 0.719531 0.829861 0.162500 0.076389
0 0.800391 0.631944 0.233594 0.088889
0 0.799609 0.313194 0.230469 0.087500
0 0.358984 0.870833 0.044531 0.058333
0 0.145703 0.640972 0.289844 0.118056
0 0.150781 0.212500 0.292187 0.133333
0 0.291406 0.582639 0.187500 0.079167
0 0.292578 0.329861 0.186719 0.084722
0 0.351562 0.556944 0.134375 0.061111
0 0.671875 0.738889 0.114062 0.052778
0 0.716797 0.585417 0.161719 0.059722
0 0.642578 0.690972 0.097656 0.043056
0 0.425391 0.881944 0.042969 0.058333
0 0.443750 0.813889 0.039062 0.041667
0 0.403906 0.770139 0.032813 0.043056
0 0.428516 0.712500 0.046094 0.044444
0 0.457422 0.762500 0.030469 0.036111
0 0.632422 0.936806 0.036719 0.040278
0 0.616797 0.850694 0.042969 0.029167
0 0.354297 0.368056 0.138281 0.063889
0 0.712891 0.375694 0.155469 0.059722
0 0.626953 0.648611 0.088281 0.030556
0 0.921484 0.750694 0.157031 0.143056
