0 0.908984 0.713889 0.182031 0.141667
0 0.791016 0.595833 0.213281 0.072222
0 0.796484 0.302778 0.225781 0.088889
0 0.180078 0.600000 0.289844 0.102778
0 0.179297 0.216667 0.300781 0.119444
0 0.300391 0.547222 0.178906 0.075000
0 0.295312 0.302778 0.181250 0.075000
0 0.794531 0.927778 0.215625 0.105556
0 0.713281 0.777083 0.154688 0.048611
0 0.664844 0.706250 0.118750 0.034722
0 0.366016 0.827083 0.047656 0.062500
0 0.402734 0.736806 0.042969 0.051389
0 0.403516 0.942361 0.046094 0.062500
0 0.423438 0.836806 0.043750 0.048611
0 0.441016 0.772917 0.038281 0.040278
0 0.625000 0.889583 0.043750 0.040278
0 0.591016 0.737500 0.024219 0.038889
0 0.716406 0.554861 0.153125 0.056944
0 0.637891 0.650694 0.100781 0.034722
0 0.428516 0.673611 0.041406 0.033333
0 0.361328 0.361111 0.127344 0.063889
0 0.712891 0.352083 0.149219 0.068056
0 0.619531 0.610417 0.082812 0.031944
0 0.599219 0.564583 0.070312 0.023611
0 0.458203 0.716667 0.025781 0.030556
0 0.580078 0.697222 0.022656 0.022222
0 0.467969 0.679861 0.025000 0.023611
0 0.363672 0.520833 0.121094 0.047222
0 0.905859 0.147222 0.188281 0.177778
0 0.653516 0.534722 0.086719 0.036111
