0 0.885547 0.695139 0.228906 0.120833
0 0.885938 0.218750 0.228125 0.140278
0 0.770703 0.911806 0.196094 0.065278
0 0.704297 0.786806 0.138281 0.051389
0 0.190625 0.605556 0.264062 0.102778
0 0.198828 0.243056 0.252344 0.097222
0 0.362500 0.831944 0.059375 0.069444
0 0.407813 0.732639 0.054688 0.051389
0 0.628906 0.890278 0.046875 0.038889
0 0.405859 0.938889 0.050781 0.052778
0 0.435937 0.843056 0.046875 0.041667
0 0.455469 0.775694 0.037500 0.031944
0 0.608594 0.800000 0.031250 0.036111
0 0.664062 0.704861 0.128125 0.043056
0 0.779297 0.609722 0.205469 0.069444
0 0.780469 0.330556 0.204687 0.083333
0 0.314453 0.552083 0.167969 0.068056
0 0.318750 0.341667 0.164062 0.077778
0 0.641797 0.657639 0.092969 0.029167
0 0.628906 0.625694 0.082812 0.031944
0 0.704688 0.574306 0.135937 0.048611
0 0.437109 0.675694 0.041406 0.037500
0 0.458203 0.635417 0.033594 0.029167
0 0.374219 0.529167 0.115625 0.052778
0 0.606250 0.595833 0.054688 0.025000
0 0.586328 0.706250 0.021094 0.029167
0 0.704297 0.376389 0.139844 0.052778
