0 0.867188 0.692361 0.265625 0.106944
0 0.869141 0.264583 0.261719 0.126389
0 0.748437 0.893750 0.192188 0.065278
0 0.208594 0.608333 0.231250 0.091667
0 0.217188 0.302778 0.217188 0.136111
0 0.312891 0.560417 0.157031 0.056944
0 0.688672 0.766667 0.139844 0.047222
0 0.650000 0.697222 0.104688 0.033333
0 0.748437 0.613889 0.193750 0.077778
0 0.630859 0.656944 0.088281 0.033333
0 0.614844 0.619444 0.082812 0.030556
0 0.362109 0.815278 0.077344 0.055556
0 0.405469 0.722222 0.056250 0.061111
0 0.429297 0.672222 0.042969 0.044444
0 0.616406 0.864583 0.054688 0.040278
0 0.596484 0.799306 0.019531 0.023611
0 0.588672 0.742361 0.025781 0.037500
0 0.434375 0.837500 0.032813 0.033333
0 0.458984 0.770833 0.027344 0.030556
0 0.467578 0.718750 0.024219 0.026389
0 0.743750 0.347917 0.182812 0.070833
0 0.328906 0.347222 0.125000 0.063889
0 0.598437 0.595833 0.059375 0.022222
0 0.589453 0.580556 0.060156 0.025000
