0 0.872656 0.610417 0.254688 0.087500
0 0.755469 0.790278 0.178125 0.052778
0 0.695703 0.688194 0.124219 0.045833
0 0.674609 0.635417 0.119531 0.034722
0 0.646484 0.597222 0.092969 0.033333
0 0.632031 0.564583 0.085938 0.031944
0 0.658594 0.895833 0.057813 0.050000
0 0.633594 0.804167 0.035937 0.044444
0 0.614453 0.738194 0.032031 0.051389
0 0.437500 0.854861 0.045312 0.040278
0 0.457422 0.770833 0.036719 0.033333
0 0.104297 0.629167 0.207031 0.144444
0 0.251953 0.543750 0.233594 0.090278
0 0.760547 0.540972 0.177344 0.059722
0 0.602344 0.684722 0.025000 0.033333
0 0.590234 0.647222 0.025781 0.022222
0 0.387891 0.743056 0.080469 0.061111
0 0.427734 0.662500 0.061719 0.055556
0 0.473828 0.706250 0.024219 0.034722
