0 0.769531 0.764583 0.171875 0.070833
0 0.725391 0.673611 0.138281 0.044444
0 0.689453 0.612500 0.111719 0.036111
0 0.762500 0.502778 0.165625 0.055556
0 0.854688 0.586806 0.210938 0.093056
0 0.413281 0.712500 0.075000 0.066667
0 0.458594 0.647917 0.045312 0.048611
0 0.482031 0.583333 0.028125 0.030556
0 0.658594 0.572222 0.087500 0.030556
0 0.642969 0.544444 0.081250 0.030556
0 0.719922 0.478472 0.128906 0.040278
0 0.327344 0.522917 0.142187 0.070833
0 0.374609 0.487500 0.144531 0.058333
0 0.467578 0.824306 0.030469 0.037500
0 0.484375 0.736806 0.021875 0.037500
0 0.494531 0.683333 0.017188 0.038889
0 0.630859 0.713889 0.027344 0.036111
0 0.652344 0.781250 0.046875 0.040278
0 0.617578 0.663889 0.030469 0.030556
0 0.686719 0.462500 0.107813 0.038889
0 0.421875 0.961806 0.067187 0.056944
0 0.431641 0.322222 0.094531 0.044444
