0 0.779297 0.766667 0.164844 0.052778
0 0.865234 0.573611 0.269531 0.083333
0 0.857812 0.236111 0.240625 0.080556
0 0.730078 0.677083 0.128906 0.040278
0 0.844922 0.927778 0.202344 0.077778
0 0.373828 0.841667 0.096094 0.066667
0 0.149219 0.617361 0.296875 0.109722
0 0.339062 0.547222 0.165625 0.072222
0 0.329688 0.281250 0.165625 0.084722
0 0.404687 0.503472 0.126562 0.056944
0 0.402344 0.331250 0.126562 0.059722
0 0.782031 0.522222 0.178125 0.058333
0 0.689453 0.620833 0.094531 0.036111
0 0.443359 0.727778 0.061719 0.050000
0 0.475781 0.647222 0.046875 0.047222
0 0.484766 0.825694 0.030469 0.051389
0 0.689063 0.887500 0.051562 0.052778
0 0.657813 0.788194 0.034375 0.043056
0 0.642969 0.726389 0.035937 0.038889
0 0.674219 0.588889 0.098437 0.036111
0 0.728516 0.490972 0.135156 0.045833
0 0.777734 0.293750 0.166406 0.062500
0 0.447656 0.342361 0.084375 0.051389
0 0.437500 0.487500 0.107813 0.041667
0 0.503516 0.750000 0.019531 0.030556
0 0.510547 0.710417 0.016406 0.029167
0 0.691797 0.475000 0.103906 0.033333
0 0.717969 0.320139 0.120313 0.048611
