0 0.762500 0.785417 0.160938 0.054167
0 0.852734 0.608333 0.213281 0.094444
0 0.760938 0.557639 0.157812 0.065278
0 0.849219 0.306250 0.215625 0.087500
0 0.752734 0.345139 0.146094 0.062500
0 0.708594 0.531250 0.123438 0.056944
0 0.709766 0.366667 0.133594 0.044444
0 0.241406 0.650694 0.262500 0.095833
0 0.240625 0.296528 0.240625 0.112500
0 0.318359 0.577083 0.192969 0.068056
0 0.376953 0.546528 0.128906 0.054167
0 0.347266 0.338889 0.125781 0.063889
0 0.378516 0.368750 0.124219 0.059722
0 0.402734 0.518750 0.111719 0.043056
0 0.670312 0.902083 0.056250 0.045833
0 0.422656 0.938194 0.056250 0.051389
0 0.399609 0.841667 0.042969 0.061111
0 0.458203 0.767361 0.030469 0.029167
0 0.445312 0.839583 0.035937 0.029167
0 0.644141 0.808333 0.047656 0.036111
0 0.714063 0.707639 0.134375 0.048611
0 0.671875 0.379861 0.112500 0.037500
0 0.864453 0.936111 0.238281 0.066667
