0 0.890234 0.949306 0.219531 0.081944
0 0.790625 0.802778 0.157812 0.066667
0 0.874609 0.604167 0.221094 0.100000
0 0.873047 0.294444 0.232031 0.075000
0 0.785937 0.568056 0.156250 0.066667
0 0.771484 0.350000 0.144531 0.069444
0 0.726562 0.379167 0.112500 0.036111
0 0.242578 0.686806 0.244531 0.101389
0 0.234375 0.304167 0.240625 0.083333
0 0.380078 0.377778 0.158594 0.075000
0 0.382031 0.602083 0.157812 0.073611
0 0.439453 0.884722 0.066406 0.063889
0 0.477734 0.771528 0.053906 0.054167
0 0.738281 0.716667 0.117188 0.041667
0 0.681641 0.836806 0.032031 0.037500
0 0.706641 0.920833 0.036719 0.041667
0 0.529687 0.828472 0.020313 0.037500
0 0.670312 0.779167 0.028125 0.027778
0 0.710547 0.677083 0.100781 0.040278
0 0.503125 0.709722 0.039062 0.041667
0 0.440234 0.574306 0.114844 0.054167
0 0.433594 0.399306 0.118750 0.065278
0 0.695312 0.404167 0.090625 0.033333
0 0.731641 0.546528 0.107031 0.045833
0 0.519531 0.881250 0.026562 0.043056
0 0.531641 0.768750 0.030469 0.026389
0 0.466797 0.422917 0.094531 0.054167
0 0.691797 0.642361 0.075781 0.031944
