0 0.803125 0.786806 0.154688 0.062500
0 0.889453 0.594444 0.221094 0.083333
0 0.882031 0.298611 0.235937 0.102778
0 0.794141 0.560417 0.153906 0.062500
0 0.781250 0.358333 0.145313 0.052778
0 0.892578 0.921528 0.207031 0.087500
0 0.474219 0.856944 0.059375 0.061111
0 0.321094 0.656944 0.226562 0.122222
0 0.308594 0.330556 0.232813 0.091667
0 0.405859 0.600000 0.169531 0.050000
0 0.412109 0.368750 0.142969 0.081944
0 0.749609 0.711806 0.122656 0.054167
0 0.725391 0.667361 0.092969 0.040278
0 0.713672 0.909722 0.036719 0.050000
0 0.695312 0.825000 0.034375 0.052778
0 0.672266 0.765972 0.032031 0.029167
0 0.526953 0.969444 0.032031 0.041667
0 0.531250 0.884722 0.026562 0.050000
0 0.534375 0.821528 0.034375 0.043056
0 0.542188 0.771528 0.032813 0.023611
0 0.545703 0.731250 0.028906 0.031944
0 0.512891 0.765278 0.038281 0.041667
0 0.526953 0.713194 0.021094 0.026389
0 0.462109 0.571528 0.111719 0.045833
0 0.456641 0.402083 0.108594 0.065278
0 0.735547 0.383333 0.113281 0.041667
0 0.742188 0.540278 0.117188 0.055556
0 0.695312 0.638194 0.085938 0.031944
