0 0.881250 0.713194 0.229687 0.112500
0 0.883594 0.263194 0.232813 0.134722
0 0.758203 0.623611 0.194531 0.069444
0 0.744141 0.365972 0.166406 0.081944
0 0.754297 0.905556 0.186719 0.077778
0 0.683984 0.797222 0.147656 0.066667
0 0.243359 0.636806 0.232031 0.095833
0 0.242969 0.328472 0.239063 0.095833
0 0.677344 0.397917 0.132812 0.062500
0 0.646484 0.734028 0.102344 0.045833
0 0.684766 0.593056 0.135156 0.055556
0 0.391016 0.844444 0.047656 0.055556
0 0.332031 0.600694 0.154688 0.059722
0 0.326172 0.390972 0.166406 0.065278
0 0.410547 0.766667 0.032031 0.044444
0 0.609766 0.914583 0.033594 0.040278
0 0.584766 0.840278 0.028906 0.038889
0 0.571875 0.786806 0.028125 0.029167
0 0.434766 0.882639 0.025781 0.040278
0 0.439063 0.826389 0.029687 0.033333
0 0.448828 0.781250 0.024219 0.026389
0 0.460547 0.743056 0.021094 0.027778
0 0.614062 0.687500 0.087500 0.027778
0 0.598828 0.662500 0.080469 0.033333
0 0.561719 0.747222 0.032813 0.027778
0 0.367969 0.417361 0.118750 0.048611
0 0.371484 0.579861 0.114844 0.048611
0 0.107422 0.755556 0.213281 0.175000
0 0.108594 0.173611 0.215625 0.213889
