0 0.830078 0.704861 0.277344 0.106944
0 0.827734 0.319444 0.278906 0.122222
0 0.098437 0.770833 0.195312 0.144444
0 0.102344 0.222917 0.203125 0.170833
0 0.218359 0.659028 0.233594 0.090278
0 0.217578 0.365972 0.230469 0.079167
0 0.298828 0.621528 0.153906 0.073611
0 0.296484 0.420139 0.158594 0.068056
0 0.352734 0.868750 0.046094 0.051389
0 0.380078 0.798611 0.047656 0.038889
0 0.697266 0.913194 0.183594 0.070833
0 0.647266 0.809028 0.130469 0.051389
0 0.602734 0.749306 0.099219 0.043056
0 0.573438 0.923611 0.040625 0.041667
0 0.554297 0.856250 0.030469 0.040278
0 0.539844 0.800000 0.029687 0.036111
0 0.405078 0.901389 0.033594 0.036111
0 0.384375 0.981250 0.042188 0.034722
0 0.417578 0.844444 0.022656 0.036111
0 0.432031 0.801389 0.017188 0.016667
0 0.400000 0.734722 0.032813 0.036111
0 0.705469 0.638889 0.184375 0.066667
0 0.697656 0.391667 0.175000 0.066667
0 0.647656 0.608333 0.129688 0.058333
0 0.582031 0.704167 0.084375 0.033333
0 0.641797 0.429861 0.127344 0.051389
