0 0.841797 0.681250 0.250781 0.084722
0 0.843359 0.339583 0.260156 0.115278
0 0.753125 0.877778 0.160938 0.069444
0 0.682813 0.790278 0.114062 0.047222
0 0.167187 0.769444 0.317188 0.102778
0 0.165625 0.320139 0.314063 0.159722
0 0.300391 0.676389 0.197656 0.066667
0 0.301172 0.395833 0.185156 0.094444
0 0.366406 0.631944 0.148438 0.050000
0 0.746875 0.627083 0.162500 0.070833
0 0.739844 0.399306 0.162500 0.065278
0 0.417969 0.863194 0.060937 0.051389
0 0.437891 0.785417 0.050781 0.040278
0 0.457813 0.739583 0.039062 0.034722
0 0.655859 0.730556 0.107031 0.030556
0 0.610156 0.836111 0.042188 0.036111
0 0.459375 0.886806 0.045312 0.040278
0 0.478125 0.826389 0.029687 0.033333
0 0.365234 0.451389 0.138281 0.058333
0 0.679297 0.431250 0.128906 0.059722
0 0.628906 0.695139 0.092188 0.031944
0 0.503125 0.752778 0.025000 0.030556
0 0.685937 0.599306 0.129688 0.045833
