0 0.926172 0.778472 0.147656 0.154167
0 0.924219 0.184722 0.151562 0.211111
0 0.842187 0.657639 0.232813 0.087500
0 0.837891 0.332639 0.230469 0.104167
0 0.194141 0.693750 0.288281 0.129167
0 0.197656 0.285417 0.282813 0.137500
0 0.333203 0.624306 0.180469 0.070833
0 0.329297 0.384028 0.183594 0.095833
0 0.390625 0.936111 0.060937 0.075000
0 0.736328 0.844444 0.160156 0.061111
0 0.687500 0.761111 0.121875 0.050000
0 0.737109 0.605556 0.167969 0.052778
0 0.733203 0.391667 0.160156 0.069444
0 0.426953 0.803472 0.064844 0.062500
0 0.455469 0.751389 0.046875 0.036111
0 0.397266 0.592361 0.121094 0.062500
0 0.628906 0.872222 0.045312 0.044444
0 0.613672 0.821528 0.024219 0.023611
0 0.464453 0.931250 0.033594 0.051389
0 0.481641 0.853472 0.027344 0.037500
0 0.500000 0.799306 0.028125 0.029167
0 0.514453 0.759028 0.028906 0.020833
0 0.656250 0.713889 0.098437 0.033333
0 0.643359 0.686806 0.085156 0.029167
0 0.643359 0.660417 0.071094 0.026389
