0 0.900781 0.742361 0.193750 0.134722
0 0.897656 0.221528 0.198437 0.154167
0 0.774219 0.626389 0.207813 0.083333
0 0.769141 0.940972 0.192969 0.081944
0 0.200000 0.675694 0.278125 0.087500
0 0.204297 0.330556 0.261719 0.136111
0 0.323437 0.613194 0.168750 0.068056
0 0.696094 0.802778 0.148438 0.055556
0 0.455078 0.882639 0.033594 0.048611
0 0.375391 0.879167 0.064844 0.063889
0 0.421875 0.784722 0.048438 0.047222
0 0.452734 0.719444 0.036719 0.050000
0 0.658984 0.726389 0.116406 0.041667
0 0.639453 0.687500 0.091406 0.041667
0 0.478516 0.809722 0.027344 0.030556
0 0.626172 0.912500 0.052344 0.041667
0 0.608984 0.834722 0.022656 0.033333
0 0.387500 0.579167 0.123438 0.052778
0 0.774219 0.333333 0.214062 0.086111
0 0.703125 0.579861 0.154688 0.045833
0 0.341016 0.377778 0.139844 0.075000
