0 0.905859 0.693750 0.188281 0.106944
0 0.805469 0.620139 0.189062 0.084722
0 0.904297 0.259722 0.191406 0.138889
0 0.807031 0.351389 0.193750 0.080556
0 0.734375 0.787500 0.137500 0.038889
0 0.796484 0.900694 0.178906 0.059722
0 0.146094 0.790278 0.290625 0.152778
0 0.301172 0.639583 0.241406 0.101389
0 0.143750 0.203472 0.279687 0.215278
0 0.398828 0.595139 0.160156 0.056944
0 0.323047 0.329861 0.203906 0.101389
0 0.703906 0.725000 0.112500 0.041667
0 0.444922 0.846528 0.064844 0.073611
0 0.489453 0.758333 0.042969 0.063889
0 0.483594 0.955556 0.046875 0.061111
0 0.531641 0.794444 0.044531 0.050000
0 0.731250 0.573611 0.128125 0.050000
0 0.710938 0.679861 0.100000 0.040278
0 0.548047 0.759722 0.033594 0.027778
0 0.562109 0.726389 0.028906 0.027778
0 0.451172 0.570139 0.110156 0.045833
0 0.741016 0.393056 0.152344 0.050000
