0 0.787500 0.864583 0.196875 0.034722
0 0.885156 0.666667 0.226562 0.094444
0 0.789844 0.596528 0.190625 0.062500
0 0.738281 0.767361 0.132812 0.045833
0 0.393359 0.946528 0.075781 0.090278
0 0.160938 0.707639 0.307812 0.143056
0 0.162891 0.168750 0.317969 0.170833
0 0.331250 0.601389 0.200000 0.102778
0 0.342578 0.306944 0.200781 0.088889
0 0.419922 0.566667 0.150781 0.055556
0 0.527734 0.827083 0.046094 0.037500
0 0.464453 0.809028 0.057031 0.054167
0 0.546484 0.777083 0.036719 0.034722
0 0.726953 0.699306 0.094531 0.045833
0 0.730078 0.664583 0.092969 0.023611
0 0.878125 0.237500 0.195312 0.100000
0 0.791406 0.340972 0.190625 0.065278
0 0.748047 0.377778 0.136719 0.047222
0 0.749609 0.557639 0.149219 0.056944
0 0.465234 0.540972 0.122656 0.065278
0 0.416797 0.361111 0.152344 0.063889
0 0.468359 0.404167 0.117969 0.055556
0 0.568750 0.737500 0.034375 0.033333
0 0.532813 0.674306 0.029687 0.040278
