0 0.717969 0.843750 0.171875 0.068056
0 0.804297 0.645139 0.258594 0.081944
0 0.799219 0.286111 0.268750 0.116667
0 0.134375 0.743056 0.260937 0.141667
0 0.285938 0.623611 0.204687 0.075000
0 0.133203 0.256250 0.260156 0.148611
0 0.287109 0.345139 0.208594 0.084722
0 0.348828 0.950000 0.089844 0.083333
0 0.699219 0.748611 0.120313 0.055556
0 0.457813 0.907639 0.053125 0.048611
0 0.483203 0.834028 0.047656 0.048611
0 0.505469 0.770139 0.042188 0.045833
0 0.368750 0.578472 0.153125 0.062500
0 0.368359 0.393750 0.132031 0.056944
0 0.719141 0.582639 0.177344 0.065278
0 0.699609 0.690278 0.122656 0.047222
0 0.419141 0.548611 0.113281 0.036111
0 0.457813 0.722222 0.043750 0.050000
0 0.482031 0.671528 0.043750 0.037500
0 0.721484 0.354167 0.174219 0.069444
