0 0.806641 0.813889 0.182031 0.075000
0 0.901172 0.623611 0.192969 0.111111
0 0.808203 0.547917 0.183594 0.073611
0 0.807813 0.300000 0.201563 0.072222
0 0.158594 0.672222 0.315625 0.144444
0 0.153906 0.216667 0.300000 0.152778
0 0.901563 0.227778 0.196875 0.094444
0 0.739062 0.720139 0.140625 0.056944
0 0.693359 0.934028 0.044531 0.051389
0 0.384375 0.893750 0.048438 0.076389
0 0.442578 0.846528 0.050781 0.043056
0 0.462109 0.770833 0.032031 0.036111
0 0.656250 0.822917 0.045312 0.043056
0 0.291406 0.573611 0.215625 0.066667
0 0.341797 0.288889 0.096094 0.072222
0 0.740625 0.516667 0.146875 0.050000
0 0.735547 0.327083 0.139844 0.065278
0 0.366016 0.531944 0.150781 0.047222
0 0.368750 0.329167 0.140625 0.058333
0 0.405078 0.500000 0.113281 0.044444
0 0.401953 0.345833 0.119531 0.047222
0 0.707031 0.647222 0.090625 0.041667
