0 0.893750 0.753472 0.212500 0.140278
0 0.771875 0.611111 0.246875 0.080556
0 0.775000 0.281944 0.248438 0.094444
0 0.142187 0.672222 0.282813 0.136111
0 0.144141 0.231250 0.286719 0.145833
0 0.282031 0.593056 0.207813 0.088889
0 0.282031 0.342361 0.193750 0.090278
0 0.431641 0.881944 0.055469 0.052778
0 0.460156 0.806250 0.050000 0.054167
0 0.406641 0.771528 0.049219 0.062500
0 0.488672 0.753472 0.027344 0.029167
0 0.708594 0.804861 0.159375 0.056944
0 0.773047 0.970833 0.250781 0.058333
0 0.692578 0.715278 0.139844 0.044444
0 0.671484 0.663194 0.107031 0.048611
0 0.532813 0.722222 0.037500 0.027778
0 0.360547 0.551389 0.139844 0.058333
0 0.361719 0.365278 0.132812 0.055556
0 0.709766 0.340278 0.152344 0.066667
0 0.714063 0.563889 0.156250 0.058333
0 0.401562 0.528472 0.118750 0.040278
0 0.885156 0.109722 0.229687 0.194444
