0 0.879687 0.718056 0.237500 0.141667
0 0.801562 0.601389 0.245312 0.080556
0 0.796484 0.281944 0.221094 0.100000
0 0.881641 0.141667 0.236719 0.172222
0 0.153906 0.645833 0.306250 0.152778
0 0.154688 0.245139 0.295312 0.165278
0 0.308203 0.565972 0.182031 0.068056
0 0.308203 0.305556 0.186719 0.102778
0 0.364844 0.861111 0.070312 0.072222
0 0.408594 0.972917 0.065625 0.054167
0 0.448437 0.859722 0.043750 0.055556
0 0.418359 0.746528 0.038281 0.045833
0 0.376563 0.531250 0.128125 0.062500
0 0.792578 0.938889 0.235156 0.069444
0 0.730859 0.788889 0.160156 0.063889
0 0.696875 0.698611 0.123438 0.038889
0 0.486719 0.793750 0.031250 0.045833
0 0.529297 0.743750 0.041406 0.040278
0 0.582812 0.695833 0.028125 0.027778
0 0.485547 0.648611 0.022656 0.033333
0 0.453516 0.687500 0.024219 0.033333
0 0.531641 0.606250 0.038281 0.029167
0 0.424219 0.512500 0.103125 0.038889
0 0.378906 0.350694 0.134375 0.065278
0 0.460938 0.388889 0.087500 0.036111
0 0.517188 0.380556 0.071875 0.041667
0 0.512500 0.483333 0.067187 0.033333
0 0.575781 0.577778 0.037500 0.033333
0 0.572266 0.488889 0.049219 0.036111
0 0.573047 0.385417 0.047656 0.029167
0 0.728125 0.550694 0.156250 0.051389
0 0.733594 0.338889 0.156250 0.052778
