0 0.762891 0.913889 0.222656 0.077778
0 0.867578 0.701389 0.264844 0.133333
0 0.144531 0.616667 0.287500 0.119444
0 0.146875 0.226389 0.292187 0.147222
0 0.276172 0.552778 0.178906 0.075000
0 0.276172 0.310417 0.191406 0.079167
0 0.874609 0.158333 0.250781 0.161111
0 0.765234 0.600694 0.230469 0.070833
0 0.692578 0.768056 0.147656 0.050000
0 0.683203 0.686111 0.105469 0.052778
0 0.371484 0.964583 0.074219 0.054167
0 0.427734 0.871528 0.039844 0.045833
0 0.489844 0.798611 0.046875 0.047222
0 0.394141 0.741667 0.035156 0.058333
0 0.341797 0.840278 0.050781 0.077778
0 0.537500 0.731250 0.054688 0.043056
0 0.530859 0.602778 0.057031 0.038889
0 0.537891 0.494444 0.044531 0.041667
0 0.545703 0.385417 0.041406 0.040278
0 0.478516 0.368056 0.072656 0.055556
0 0.408203 0.511806 0.096094 0.048611
0 0.438672 0.685417 0.030469 0.037500
0 0.405859 0.377083 0.097656 0.065278
0 0.694141 0.550000 0.158594 0.050000
0 0.759375 0.304167 0.198437 0.091667
