0 0.861719 0.848611 0.242188 0.069444
0 0.817578 0.708333 0.160156 0.072222
0 0.253906 0.563889 0.270313 0.111111
0 0.263281 0.197917 0.267188 0.115278
0 0.383984 0.515972 0.183594 0.070833
0 0.382812 0.278472 0.189062 0.081944
0 0.455078 0.333333 0.144531 0.058333
0 0.464062 0.491667 0.117188 0.063889
0 0.442969 0.800000 0.051562 0.066667
0 0.500000 0.707639 0.035937 0.068056
0 0.483984 0.927778 0.063281 0.069444
0 0.557031 0.827083 0.076563 0.065278
0 0.614062 0.750694 0.076563 0.043056
0 0.560547 0.644444 0.069531 0.047222
0 0.551172 0.476389 0.100781 0.052778
0 0.549219 0.319444 0.089063 0.050000
0 0.860938 0.539583 0.242188 0.070833
0 0.871875 0.254167 0.256250 0.088889
