15 0.839453 0.861806 0.207031 0.093056
15 0.846875 0.556250 0.226562 0.079167
15 0.846094 0.269444 0.223438 0.075000
15 0.761719 0.739583 0.167187 0.059722
15 0.224219 0.588889 0.282813 0.080556
15 0.225391 0.242361 0.252344 0.109722
15 0.330859 0.523611 0.177344 0.061111
15 0.660547 0.843750 0.041406 0.056944
15 0.702734 0.975694 0.050781 0.048611
15 0.706641 0.654167 0.113281 0.047222
15 0.765234 0.515278 0.171094 0.058333
15 0.331641 0.299306 0.164844 0.081944
15 0.760938 0.305556 0.165625 0.069444
15 0.701562 0.491667 0.128125 0.041667
15 0.429297 0.874306 0.046094 0.043056
