15 0.802734 0.686806 0.267969 0.095833
15 0.692187 0.867361 0.178125 0.062500
15 0.383594 0.907639 0.040625 0.059722
15 0.408984 0.831250 0.027344 0.040278
15 0.418750 0.792361 0.032813 0.040278
15 0.634375 0.763889 0.132812 0.050000
15 0.836719 0.303472 0.326562 0.112500
15 0.616016 0.701389 0.096094 0.027778
15 0.216797 0.327778 0.174219 0.088889
15 0.167578 0.605556 0.275781 0.072222
15 0.308594 0.566667 0.134375 0.063889
15 0.575781 0.874306 0.025000 0.051389
15 0.569531 0.809722 0.020313 0.044444
15 0.713672 0.599306 0.210156 0.079167
15 0.075781 0.231250 0.150000 0.154167
15 0.605859 0.677083 0.097656 0.043056
