15 0.782813 0.291667 0.246875 0.094444
15 0.775000 0.624306 0.246875 0.073611
15 0.203906 0.560417 0.215625 0.068056
15 0.676562 0.816667 0.187500 0.055556
15 0.628516 0.721528 0.132031 0.045833
15 0.401172 0.761806 0.030469 0.023611
15 0.385156 0.808333 0.035937 0.022222
15 0.367578 0.870833 0.041406 0.038889
15 0.571094 0.924306 0.037500 0.043056
15 0.557422 0.840972 0.025781 0.037500
15 0.549219 0.780556 0.026562 0.033333
15 0.584766 0.647917 0.089844 0.029167
15 0.603125 0.681944 0.106250 0.033333
15 0.567969 0.624306 0.068750 0.020833
15 0.318359 0.779167 0.072656 0.036111
15 0.261328 0.872917 0.097656 0.048611
15 0.367578 0.697222 0.035156 0.030556
