15 0.614844 0.609028 0.085938 0.040278
15 0.634766 0.642361 0.102344 0.040278
15 0.668750 0.694444 0.140625 0.047222
15 0.712500 0.777083 0.173437 0.065278
15 0.589844 0.794444 0.023438 0.027778
15 0.578516 0.737500 0.019531 0.025000
15 0.606250 0.882639 0.028125 0.051389
15 0.383594 0.706944 0.032813 0.038889
15 0.321875 0.836806 0.051562 0.051389
15 0.371875 0.920139 0.040625 0.045833
15 0.396484 0.825694 0.039844 0.029167
15 0.315234 0.242361 0.105469 0.051389
15 0.334375 0.494444 0.134375 0.047222
15 0.818750 0.256944 0.234375 0.077778
15 0.710547 0.306250 0.147656 0.065278
15 0.667578 0.343056 0.108594 0.052778
15 0.639453 0.361111 0.089844 0.044444
15 0.418359 0.375000 0.057031 0.027778
15 0.344531 0.321528 0.125000 0.034722
15 0.795312 0.940972 0.242188 0.093056
15 0.814453 0.586111 0.249219 0.102778
15 0.719922 0.522222 0.175781 0.069444
