15 0.771094 0.878472 0.248438 0.087500
15 0.885938 0.670139 0.167187 0.148611
15 0.691406 0.735417 0.164062 0.068056
15 0.644531 0.655556 0.128125 0.052778
15 0.613672 0.597222 0.100781 0.036111
15 0.589063 0.831944 0.035937 0.044444
15 0.612500 0.963194 0.040625 0.056944
15 0.573828 0.739583 0.028906 0.031944
15 0.702734 0.499306 0.163281 0.059722
15 0.778125 0.538889 0.218750 0.086111
15 0.794922 0.226389 0.227344 0.091667
15 0.696484 0.284028 0.141406 0.076389
15 0.651953 0.306250 0.113281 0.059722
15 0.627344 0.329861 0.098437 0.048611
15 0.162500 0.096528 0.250000 0.123611
15 0.282422 0.225694 0.164844 0.115278
15 0.382812 0.271528 0.043750 0.054167
15 0.373047 0.298611 0.107031 0.061111
15 0.264453 0.448611 0.189844 0.080556
15 0.137500 0.487500 0.250000 0.155556
15 0.395703 0.606250 0.041406 0.034722
15 0.411719 0.561111 0.035937 0.030556
15 0.377344 0.656250 0.032813 0.034722
15 0.321484 0.740972 0.057031 0.054167
15 0.373437 0.443056 0.042188 0.088889
