15 0.123047 0.150694 0.230469 0.154167
15 0.249219 0.216667 0.157812 0.080556
15 0.303516 0.277083 0.119531 0.073611
15 0.126172 0.486111 0.236719 0.108333
15 0.228516 0.441667 0.186719 0.083333
15 0.316797 0.424306 0.082031 0.054167
15 0.355469 0.576389 0.050000 0.030556
15 0.341016 0.635417 0.049219 0.048611
15 0.299609 0.718750 0.039844 0.056944
15 0.210938 0.895833 0.064062 0.066667
15 0.581641 0.895139 0.042969 0.048611
15 0.558203 0.779861 0.033594 0.031944
15 0.537500 0.698611 0.031250 0.033333
15 0.641797 0.670833 0.153906 0.044444
15 0.709766 0.800694 0.208594 0.068056
15 0.857031 0.562500 0.268750 0.088889
15 0.726172 0.490278 0.222656 0.077778
15 0.602734 0.599306 0.114844 0.040278
15 0.650391 0.452083 0.153906 0.065278
15 0.573047 0.556944 0.085156 0.036111
15 0.721094 0.201389 0.200000 0.075000
15 0.643359 0.247222 0.153906 0.061111
15 0.605078 0.282639 0.113281 0.051389
15 0.368750 0.425694 0.023438 0.043056
15 0.372656 0.290972 0.015625 0.040278
