15 0.210156 0.177778 0.220312 0.113889
15 0.306641 0.273611 0.139844 0.100000
15 0.181641 0.492361 0.258594 0.112500
15 0.079687 0.593750 0.145313 0.134722
15 0.286328 0.865972 0.046094 0.081944
15 0.347266 0.718056 0.058594 0.052778
15 0.379297 0.824306 0.046094 0.043056
15 0.337500 0.961806 0.050000 0.059722
15 0.368750 0.640278 0.057813 0.044444
15 0.293359 0.456250 0.161719 0.068056
15 0.674219 0.467361 0.142187 0.043056
15 0.741016 0.507639 0.205469 0.073611
15 0.864453 0.602083 0.263281 0.123611
15 0.867188 0.154167 0.254688 0.136111
15 0.742969 0.246528 0.196875 0.087500
15 0.676953 0.286806 0.149219 0.068056
15 0.623828 0.604167 0.108594 0.044444
15 0.660937 0.669444 0.134375 0.050000
15 0.733203 0.791667 0.202344 0.069444
15 0.610547 0.880556 0.047656 0.036111
15 0.587891 0.774306 0.042969 0.034722
15 0.397656 0.742361 0.029687 0.034722
