15 0.242578 0.208333 0.210156 0.144444
15 0.226172 0.465972 0.211719 0.084722
15 0.291406 0.827083 0.064062 0.079167
15 0.350391 0.918750 0.063281 0.059722
15 0.385156 0.799306 0.045312 0.045833
15 0.347266 0.680556 0.069531 0.066667
15 0.361719 0.456944 0.051562 0.069444
15 0.371875 0.255556 0.056250 0.072222
15 0.860938 0.184722 0.273438 0.127778
15 0.734766 0.268056 0.185156 0.086111
15 0.668750 0.302778 0.135937 0.061111
15 0.851172 0.577778 0.278906 0.108333
15 0.726953 0.500694 0.180469 0.068056
15 0.622266 0.469444 0.049219 0.061111
15 0.656641 0.657639 0.132031 0.059722
15 0.717578 0.760417 0.180469 0.081944
15 0.607812 0.866667 0.060937 0.041667
15 0.102734 0.539583 0.196094 0.165278
15 0.837500 0.954167 0.310937 0.091667
15 0.109766 0.068056 0.217969 0.130556
