15 0.130078 0.108333 0.258594 0.200000
15 0.260937 0.196528 0.226562 0.093056
15 0.394531 0.237500 0.065625 0.072222
15 0.390625 0.423611 0.065625 0.063889
15 0.125000 0.513194 0.248438 0.118056
15 0.304297 0.457639 0.117969 0.090278
15 0.317969 0.759722 0.079687 0.072222
15 0.385937 0.648611 0.079687 0.063889
15 0.394141 0.871528 0.061719 0.070833
15 0.669531 0.940278 0.064062 0.052778
15 0.841406 0.851389 0.276562 0.113889
15 0.726562 0.677778 0.168750 0.063889
15 0.851172 0.486111 0.263281 0.080556
15 0.734375 0.437500 0.184375 0.058333
15 0.857422 0.124306 0.267969 0.115278
15 0.733594 0.210417 0.175000 0.073611
15 0.957812 0.643056 0.084375 0.169444
