15 0.208984 0.098611 0.300781 0.125000
15 0.367969 0.197222 0.181250 0.088889
15 0.207422 0.490278 0.316406 0.116667
15 0.302734 0.918750 0.124219 0.118056
15 0.399609 0.732639 0.096094 0.093056
15 0.396875 0.444444 0.114062 0.088889
15 0.878906 0.152083 0.242188 0.098611
15 0.878125 0.466667 0.237500 0.108333
15 0.960938 0.576389 0.078125 0.147222
15 0.870313 0.802083 0.248438 0.106944
15 0.458984 0.850694 0.055469 0.051389
15 0.768359 0.665972 0.160156 0.065278
15 0.456641 0.641667 0.047656 0.052778
15 0.029297 0.640972 0.057031 0.256944
