15 0.212109 0.199306 0.264844 0.118056
15 0.336328 0.279167 0.183594 0.077778
15 0.193359 0.602778 0.308594 0.080556
15 0.333203 0.528472 0.188281 0.081944
15 0.394922 0.484028 0.150781 0.056944
15 0.894922 0.234722 0.210156 0.088889
15 0.804297 0.290972 0.174219 0.062500
15 0.700781 0.315278 0.050000 0.044444
15 0.894531 0.571528 0.210938 0.079167
15 0.894141 0.931944 0.211719 0.072222
15 0.819922 0.767361 0.177344 0.051389
15 0.469141 0.795833 0.044531 0.027778
15 0.442578 0.900000 0.060156 0.055556
15 0.481250 0.735417 0.037500 0.040278
15 0.780469 0.679167 0.067187 0.052778
15 0.826172 0.509028 0.183594 0.062500
15 0.445312 0.304861 0.037500 0.073611
15 0.987109 0.750694 0.025781 0.148611
