15 0.125781 0.279167 0.248438 0.169444
15 0.319141 0.379167 0.222656 0.075000
15 0.425391 0.429167 0.150781 0.077778
15 0.130469 0.806944 0.259375 0.133333
15 0.323047 0.681250 0.224219 0.109722
15 0.419141 0.635417 0.163281 0.073611
15 0.836719 0.892361 0.218750 0.098611
15 0.902344 0.705556 0.190625 0.088889
15 0.834375 0.654167 0.195312 0.088889
15 0.773438 0.612500 0.120313 0.052778
15 0.830078 0.408333 0.186719 0.091667
15 0.778906 0.800000 0.135937 0.041667
15 0.738281 0.744444 0.104688 0.033333
15 0.523047 0.902083 0.041406 0.034722
15 0.511719 0.977778 0.043750 0.041667
15 0.711328 0.906944 0.047656 0.041667
15 0.694922 0.845833 0.041406 0.033333
15 0.535937 0.828472 0.028125 0.043056
15 0.520703 0.454167 0.044531 0.047222
15 0.719922 0.438889 0.033594 0.044444
