15 0.105469 0.070833 0.192188 0.138889
15 0.264844 0.212500 0.237500 0.094444
15 0.112500 0.695833 0.223438 0.169444
15 0.266797 0.540972 0.255469 0.084722
15 0.367969 0.475000 0.167187 0.055556
15 0.414453 0.251389 0.064844 0.066667
15 0.882031 0.502778 0.231250 0.069444
15 0.946484 0.615972 0.105469 0.104167
15 0.792578 0.680556 0.147656 0.041667
15 0.882031 0.822222 0.234375 0.066667
15 0.459766 0.819444 0.044531 0.036111
15 0.480469 0.732639 0.039062 0.031944
15 0.733984 0.915278 0.067969 0.050000
15 0.883203 0.200000 0.233594 0.072222
15 0.736328 0.250694 0.075781 0.054167
15 0.682813 0.272222 0.037500 0.041667
15 0.778516 0.458333 0.155469 0.055556
15 0.462109 0.464583 0.030469 0.048611
15 0.430469 0.956944 0.062500 0.050000
15 0.461328 0.281250 0.032031 0.048611
