15 0.248828 0.111111 0.308594 0.102778
15 0.394922 0.193750 0.188281 0.070833
15 0.507812 0.231250 0.040625 0.045833
15 0.254297 0.513194 0.291406 0.129167
15 0.395313 0.445139 0.190625 0.076389
15 0.503516 0.435417 0.047656 0.059722
15 0.029297 0.760417 0.057031 0.201389
15 0.882812 0.711111 0.195312 0.069444
15 0.930859 0.919444 0.138281 0.105556
15 0.937500 0.518750 0.123438 0.084722
15 0.937891 0.130556 0.122656 0.102778
15 0.837109 0.209722 0.105469 0.066667
15 0.767969 0.239583 0.042188 0.045833
15 0.901172 0.461111 0.183594 0.066667
15 0.501953 0.828472 0.058594 0.043056
15 0.531250 0.734722 0.046875 0.038889
15 0.546875 0.272917 0.039062 0.059722
15 0.807031 0.970833 0.073438 0.058333
15 0.848437 0.616667 0.075000 0.050000
