15 0.221094 0.065278 0.373437 0.125000
15 0.430469 0.164583 0.209375 0.079167
15 0.517188 0.219444 0.148438 0.058333
15 0.234766 0.546528 0.364844 0.134722
15 0.441797 0.455556 0.225781 0.077778
15 0.566797 0.440278 0.060156 0.066667
15 0.949609 0.144444 0.091406 0.077778
15 0.913281 0.204167 0.146875 0.052778
15 0.951562 0.459028 0.096875 0.070833
15 0.939453 0.398611 0.121094 0.044444
15 0.944531 0.636806 0.106250 0.062500
15 0.948047 0.765972 0.103906 0.076389
15 0.569141 0.875000 0.060156 0.041667
15 0.598047 0.761111 0.046094 0.047222
15 0.872656 0.868750 0.070312 0.034722
