15 0.099219 0.105556 0.196875 0.180556
15 0.423438 0.355556 0.176563 0.069444
15 0.302734 0.639583 0.260156 0.112500
15 0.415625 0.575694 0.178125 0.079167
15 0.102344 0.836806 0.198437 0.201389
15 0.882812 0.886806 0.221875 0.079167
15 0.941016 0.686806 0.117969 0.098611
15 0.887109 0.627778 0.224219 0.091667
15 0.800391 0.769444 0.146094 0.066667
15 0.520703 0.861806 0.049219 0.031944
15 0.504297 0.947917 0.052344 0.045833
15 0.718359 0.870833 0.049219 0.047222
15 0.700781 0.811806 0.040625 0.043056
15 0.882031 0.355556 0.212500 0.094444
15 0.755078 0.388889 0.053906 0.050000
15 0.710938 0.397917 0.031250 0.040278
15 0.519531 0.386806 0.040625 0.040278
15 0.513672 0.559028 0.030469 0.062500
15 0.754297 0.706944 0.105469 0.055556
15 0.804688 0.565972 0.140625 0.062500
15 0.716797 0.546528 0.038281 0.034722
15 0.297656 0.284028 0.268750 0.109722
