0 0.928889 0.402610 0.142222 0.062249
0 0.938889 0.246988 0.122222 0.060241
0 0.928889 0.546185 0.142222 0.052209
0 0.925556 0.679719 0.148889 0.050201
0 0.920000 0.818273 0.160000 0.054217
0 0.116667 0.188755 0.228889 0.088353
0 0.102222 0.438755 0.200000 0.090361
0 0.122222 0.684739 0.240000 0.088353
0 0.137778 0.878514 0.271111 0.090361
0 0.188889 0.293173 0.320000 0.092369
0 0.820000 0.300201 0.231111 0.086345
0 0.826667 0.481928 0.235556 0.068273
0 0.808889 0.637550 0.231111 0.054217
0 0.230000 0.823293 0.308889 0.056225
0 0.207778 0.620482 0.295556 0.072289
0 0.198889 0.518072 0.308889 0.076305
0 0.207778 0.937751 0.317778 0.068273
