0 0.620462 0.617246 0.165017 0.048387
0 0.338284 0.466501 0.125413 0.029777
0 0.360561 0.498139 0.100660 0.023573
0 0.370462 0.524194 0.094059 0.016129
0 0.367162 0.553350 0.090759 0.024814
0 0.595710 0.712779 0.138614 0.033499
0 0.588284 0.741935 0.113861 0.034739
0 0.605611 0.678040 0.128713 0.048387
0 0.291254 0.657568 0.153465 0.039702
0 0.319307 0.691687 0.094059 0.023573
0 0.599835 0.431141 0.120462 0.031017
0 0.591584 0.463400 0.117162 0.031017
0 0.580858 0.490074 0.108911 0.034739
0 0.380363 0.331886 0.103960 0.028536
