0 0.774542 0.330000 0.307820 0.122222
0 0.771215 0.084444 0.311148 0.120000
0 0.762063 0.560000 0.306156 0.120000
0 0.764559 0.795556 0.301165 0.106667
0 0.149750 0.444444 0.139767 0.053333
0 0.139767 0.342222 0.156406 0.053333
0 0.141431 0.226667 0.146423 0.048889
0 0.163894 0.743333 0.148087 0.051111
0 0.154742 0.650000 0.149750 0.060000
0 0.154742 0.545556 0.146423 0.060000
0 0.590682 0.837778 0.153078 0.071111
0 0.611481 0.726667 0.191348 0.066667
0 0.588186 0.598889 0.148087 0.068889
0 0.602329 0.481111 0.179700 0.068889
0 0.608985 0.357778 0.183028 0.066667
0 0.599834 0.217778 0.174709 0.066667
