0 0.831250 0.214167 0.232500 0.108333
0 0.824375 0.399167 0.231250 0.125000
0 0.758750 0.756667 0.110000 0.076667
0 0.294375 0.766667 0.098750 0.076667
0 0.304375 0.934167 0.071250 0.081667
0 0.227500 0.394167 0.225000 0.111667
0 0.230625 0.201667 0.236250 0.090000
0 0.346875 0.309167 0.138750 0.048333
0 0.351250 0.421667 0.130000 0.066667
0 0.383750 0.739167 0.062500 0.051667
0 0.755000 0.929167 0.125000 0.095000
0 0.657500 0.645000 0.072500 0.040000
0 0.685625 0.319167 0.121250 0.041667
0 0.694375 0.429167 0.138750 0.068333
