0 0.925556 0.398594 0.108889 0.046185
0 0.923333 0.242972 0.104444 0.040161
0 0.915556 0.548193 0.124444 0.048193
0 0.914444 0.683735 0.135556 0.058233
0 0.908889 0.819277 0.151111 0.076305
0 0.763333 0.808233 0.153333 0.062249
0 0.767778 0.719880 0.166667 0.058233
0 0.792222 0.638554 0.197778 0.048193
0 0.207778 0.621486 0.286667 0.078313
0 0.196667 0.517068 0.282222 0.070281
0 0.190000 0.276104 0.291111 0.070281
0 0.812222 0.297189 0.211111 0.076305
0 0.794444 0.385542 0.175556 0.056225
0 0.801111 0.475904 0.202222 0.060241
0 0.226667 0.836345 0.280000 0.066265
0 0.217778 0.726908 0.271111 0.064257
