0 0.857778 0.167407 0.215556 0.077037
0 0.853333 0.351111 0.217778 0.091852
0 0.846667 0.507407 0.208889 0.075556
0 0.847222 0.635556 0.218889 0.077037
0 0.837222 0.768889 0.214444 0.068148
0 0.826111 0.921481 0.205556 0.080000
0 0.162778 0.723704 0.141111 0.040000
0 0.133889 0.574074 0.141111 0.054815
0 0.111667 0.242963 0.150000 0.068148
0 0.104444 0.086667 0.144444 0.051852
0 0.196667 0.177037 0.106667 0.045926
0 0.216667 0.637037 0.086667 0.026667
0 0.276667 0.585926 0.080000 0.031111
0 0.193889 0.294074 0.105556 0.045926
0 0.123889 0.408148 0.152222 0.042963
0 0.723333 0.686667 0.153333 0.054815
0 0.717778 0.782963 0.146667 0.060741
0 0.724444 0.480000 0.133333 0.062222
0 0.735000 0.580741 0.165556 0.056296
0 0.732778 0.363704 0.156667 0.066667
0 0.734444 0.240000 0.144444 0.074074
0 0.737222 0.109630 0.145556 0.062222
0 0.679444 0.186667 0.132222 0.059259
